t 125
0 28 4 28
77 29 77 31
15 2 20 2
57 20 57 23
71 26 73 26
16 4 18 4
66 33 71 33
41 37 41 41
71 35 73 35
35 17 39 17
42 9 42 16
13 5 13 9
70 5 70 9
74 17 74 26
5 1 12 1
49 10 49 18
45 9 45 11
21 35 21 43
15 8 22 8
22 23 29 23
31 35 31 39
46 23 46 32
63 0 63 4
39 25 39 33
23 27 23 34
43 29 50 29
47 14 47 19
56 27 65 27
70 1 70 9
41 3 41 6
50 10 54 10
78 6 86 6
74 20 83 20
64 2 71 2
6 36 14 36
4 9 9 9
55 35 60 35
31 37 31 40
44 17 44 21
48 18 48 24
34 20 43 20
63 7 70 7
26 20 35 20
75 33 80 33
60 17 67 17
28 7 28 14
29 25 29 31
68 23 75 23
0 11 2 11
45 26 45 32
6 20 6 26
71 25 76 25
55 8 64 8
35 12 35 20
52 22 58 22
51 10 51 13
23 15 23 17
13 33 17 33
66 36 66 38
18 7 27 7
19 6 22 6
57 13 57 21
33 16 33 19
0 19 3 19
63 17 63 21
52 25 52 29
29 13 34 13
52 32 61 32
14 39 22 39
45 24 45 26
67 2 72 2
29 32 29 41
33 9 33 11
36 19 40 19
50 32 57 32
37 22 42 22
26 39 26 43
34 15 41 15
58 16 63 16
12 32 12 40
16 34 24 34
9 19 9 27
22 0 22 5
33 29 33 34
51 14 57 14
50 6 50 15
36 18 36 20
30 2 37 2
62 39 70 39
73 27 73 31
19 6 22 6
30 1 30 5
6 25 13 25
17 11 23 11
15 11 17 11
44 17 51 17
8 38 16 38
5 3 8 3
68 25 76 25
6 35 6 44
17 22 25 22
72 27 72 34
78 33 78 37
1 1 7 1
8 32 15 32
33 13 33 21
32 23 34 23
66 11 74 11
60 37 69 37
27 8 27 14
66 30 66 38
38 12 38 17
32 7 32 9
15 14 18 14
41 13 50 13
63 26 66 26
3 3 3 12
71 19 71 27
50 10 52 10
29 19 29 21
77 34 77 41
3 38 3 41
14 28 21 28
16 21 16 24
9 31 12 31
b 200
4 10
14 10
43 7
74 39
30 36
54 34
69 12
60 13
55 10
62 21
76 2
54 27
28 17
18 24
55 9
4 23
76 17
10 21
66 6
64 32
34 26
63 34
25 35
35 37
78 17
79 5
71 15
53 29
51 9
43 28
27 6
54 9
70 26
14 18
34 11
39 7
18 19
8 4
37 24
58 2
65 34
44 35
9 14
60 11
26 13
55 31
23 36
68 6
4 22
29 15
61 10
34 6
38 38
79 17
10 5
35 29
10 16
40 5
14 8
61 36
16 25
29 5
55 9
30 39
48 11
69 5
12 15
31 28
54 30
25 37
18 25
32 5
26 30
22 29
37 10
24 11
20 14
54 24
78 38
24 15
19 20
8 19
21 17
5 22
49 8
55 19
5 14
71 12
64 16
78 31
54 5
36 35
37 4
62 5
16 19
19 33
52 2
74 32
21 25
37 28
47 2
15 17
41 17
21 5
38 33
61 34
71 9
59 22
53 36
43 4
46 2
32 22
52 31
31 16
49 7
10 35
30 8
30 8
3 35
51 30
69 22
77 25
35 33
53 38
26 29
60 28
62 34
44 27
71 30
3 16
46 21
15 24
51 29
78 11
34 11
78 14
62 29
34 36
24 39
20 12
15 23
67 35
46 10
74 28
3 16
56 39
13 4
29 2
35 22
24 10
13 27
16 18
65 4
10 29
64 32
13 34
5 29
11 9
20 29
26 35
36 6
57 4
36 39
39 5
78 7
56 38
41 36
6 8
3 24
47 2
18 20
18 16
61 14
11 39
63 12
41 14
33 27
5 34
7 20
70 31
60 24
25 30
58 15
39 37
35 32
30 37
37 21
24 26
27 31
40 16
71 38
29 11
36 25
20 31
63 29
29 8
76 22
36 39
28 33
11 21
GO
00032222222111