t 125
77 28 82 28
20 3 27 3
43 29 43 35
66 39 72 39
12 36 20 36
79 5 87 5
71 27 75 27
34 29 41 29
51 33 57 33
68 14 68 16
30 35 33 35
55 12 55 20
48 15 57 15
60 1 65 1
3 39 12 39
55 21 60 21
47 20 47 22
78 22 78 27
63 30 66 30
30 33 30 37
47 13 47 16
3 32 3 38
31 26 31 32
65 18 70 18
61 37 61 43
23 6 23 11
50 39 56 39
48 14 57 14
2 37 2 45
21 9 28 9
35 34 35 42
46 7 54 7
22 24 27 24
33 3 33 10
13 26 13 28
74 0 76 0
6 26 15 26
7 36 10 36
48 11 55 11
67 37 70 37
48 21 56 21
17 18 26 18
51 33 59 33
7 7 7 9
18 5 18 11
58 9 67 9
33 27 39 27
72 27 72 29
62 35 70 35
37 39 37 41
46 10 49 10
28 14 31 14
2 6 2 10
8 24 8 26
57 1 57 3
43 5 50 5
15 6 15 8
60 39 67 39
9 20 9 28
37 20 41 20
11 1 11 9
75 33 83 33
78 5 80 5
53 22 53 31
37 8 37 16
46 21 50 21
6 34 11 34
76 33 83 33
12 29 12 33
29 14 31 14
19 10 19 17
10 23 13 23
45 22 45 24
75 33 84 33
36 35 39 35
76 10 76 12
33 39 41 39
57 26 61 26
21 36 21 43
74 23 74 30
20 36 20 41
15 32 15 40
58 32 58 41
1 14 1 22
45 12 45 19
44 19 51 19
51 25 55 25
20 25 20 34
14 13 19 13
48 15 48 24
32 37 32 46
30 10 30 13
30 19 34 19
1 17 6 17
12 16 12 25
39 4 39 11
44 23 44 28
57 0 57 7
5 9 7 9
68 30 71 30
11 31 11 37
76 24 76 30
32 36 32 44
32 30 32 33
60 30 60 33
16 36 16 41
54 37 54 39
69 32 72 32
6 2 9 2
67 30 71 30
40 20 40 26
39 4 42 4
7 29 7 38
72 37 72 43
50 29 54 29
31 18 37 18
44 20 44 26
30 36 30 42
50 23 50 30
35 20 35 26
63 8 63 17
76 38 81 38
2 33 10 33
79 5 79 14
76 5 76 13
b 200
18 32
57 24
44 4
23 12
43 25
77 2
71 36
70 13
77 20
24 15
78 17
19 28
77 29
75 25
66 2
32 16
21 13
39 31
64 28
11 22
4 29
67 14
77 20
61 12
2 35
41 19
53 20
3 9
49 28
26 35
40 38
8 7
44 3
6 15
29 12
32 26
49 2
25 16
75 26
58 2
4 3
60 19
51 2
5 37
7 12
50 8
74 12
59 27
78 29
5 19
25 16
50 36
21 23
72 7
34 5
32 23
7 24
13 17
9 16
14 24
6 8
65 25
8 38
46 33
22 26
77 29
43 15
22 25
46 24
14 17
55 22
4 27
29 30
22 4
22 32
72 7
16 31
49 23
40 38
70 29
6 10
32 34
4 18
46 16
46 17
49 29
50 3
55 10
42 20
16 20
17 8
71 28
40 9
41 21
29 2
17 5
44 4
67 33
78 6
73 22
71 4
75 8
53 19
48 38
23 2
77 30
53 17
10 22
79 30
13 21
37 33
79 31
60 23
36 11
21 31
61 8
30 17
4 28
46 8
77 5
5 21
13 16
39 32
64 29
17 34
3 4
50 38
63 7
19 32
78 21
36 25
20 16
40 8
19 2
54 3
71 2
14 34
63 28
73 21
50 31
3 27
7 22
47 27
8 9
42 29
15 18
42 21
71 8
67 26
21 19
79 34
2 20
7 19
9 11
35 33
48 34
64 9
36 36
39 23
43 37
13 14
53 13
45 26
27 8
25 19
72 15
10 16
6 12
5 21
48 12
73 11
72 2
5 25
19 5
42 11
76 36
28 19
62 25
55 29
19 7
9 32
66 27
51 27
21 25
78 11
65 10
21 13
14 4
28 18
42 38
62 32
27 37
14 24
78 16
29 13
10 7
79 29
31 13
28 15
58 4
GO
000333