t 125
23 7 26 7
9 11 9 16
46 39 46 42
66 18 71 18
7 23 7 25
56 16 59 16
49 21 55 21
33 16 41 16
51 38 51 43
38 16 43 16
61 7 68 7
14 0 14 9
51 36 59 36
55 24 55 32
25 2 30 2
48 7 48 13
18 30 24 30
0 8 9 8
0 34 9 34
13 7 13 11
29 30 34 30
48 8 48 17
15 16 15 24
18 32 21 32
20 12 29 12
4 35 4 40
60 2 60 7
64 36 64 41
27 35 27 43
22 28 22 33
43 0 43 6
78 30 86 30
68 24 68 28
56 4 58 4
65 31 65 37
5 6 5 10
20 0 20 8
65 0 73 0
47 16 47 25
28 16 36 16
49 13 54 13
56 24 56 33
66 20 70 20
6 35 15 35
68 3 76 3
41 7 41 13
35 0 44 0
46 0 46 3
8 36 10 36
54 19 63 19
44 33 47 33
8 33 8 35
12 36 15 36
31 3 31 6
44 28 48 28
36 39 36 45
41 4 41 13
3 31 3 34
9 5 9 14
57 7 64 7
22 22 26 22
55 5 55 9
56 25 60 25
17 17 17 22
53 5 57 5
7 4 7 6
9 15 9 24
53 25 56 25
16 10 22 10
21 29 25 29
0 10 0 17
58 36 58 41
39 1 43 1
38 14 38 19
29 34 29 43
55 21 55 29
30 39 34 39
42 11 42 16
68 13 68 19
25 10 25 17
30 29 30 37
69 1 78 1
79 22 79 28
71 11 78 11
68 13 68 16
0 23 2 23
32 1 40 1
71 33 76 33
64 22 68 22
60 37 60 39
67 35 67 41
64 23 70 23
21 33 30 33
32 11 32 19
15 29 19 29
41 16 49 16
58 20 60 20
22 20 31 20
72 5 75 5
29 31 36 31
65 13 65 19
32 2 32 8
26 17 26 25
14 11 22 11
46 22 46 26
69 36 76 36
26 32 31 32
43 16 43 22
39 4 39 11
6 13 6 19
52 38 57 38
78 27 78 32
76 10 85 10
44 33 44 39
55 0 60 0
46 39 46 42
55 7 57 7
59 14 59 17
19 35 21 35
60 10 66 10
36 27 40 27
57 23 57 25
71 4 76 4
27 7 36 7
61 0 61 6
b 200
11 26
2 11
53 20
10 19
71 29
4 17
9 2
6 24
53 9
66 25
13 15
48 24
14 12
2 10
69 13
57 35
74 20
29 14
53 28
18 28
26 30
10 17
70 11
10 22
78 21
66 4
53 3
29 18
48 6
72 28
67 9
49 10
67 34
7 28
49 29
46 12
77 28
41 39
56 20
28 34
79 35
41 38
77 3
66 37
6 9
28 35
70 22
4 17
63 31
57 33
45 18
7 11
8 12
14 39
76 26
74 8
55 39
37 11
78 6
2 36
72 25
25 37
53 37
70 13
3 18
22 17
5 27
23 38
44 17
54 11
9 29
58 11
66 6
57 21
78 12
46 7
32 37
79 18
14 21
27 30
3 16
55 3
70 14
3 24
22 37
67 28
33 24
74 34
51 30
20 24
20 25
77 36
37 8
61 35
30 5
63 3
78 3
75 6
9 38
73 21
24 34
11 29
34 4
33 34
44 31
23 31
40 29
70 30
24 10
43 34
58 24
69 9
16 30
34 38
10 6
32 9
26 28
2 36
44 15
51 27
40 20
66 27
60 25
29 15
76 17
79 18
34 28
33 2
77 21
34 6
16 6
76 5
6 27
65 24
52 18
71 38
56 10
18 35
3 7
28 13
37 26
62 30
78 37
54 2
30 21
77 6
50 10
56 13
10 16
75 35
52 10
20 15
37 24
68 37
58 3
70 33
43 13
68 8
29 6
14 17
58 29
36 9
29 13
64 32
16 6
22 14
26 10
28 11
27 8
42 34
21 25
46 32
46 21
7 31
31 13
2 7
20 27
35 4
53 14
24 18
8 15
68 35
63 34
58 27
59 34
34 23
42 36
19 24
47 4
16 7
44 13
19 12
76 29
8 26
46 36
38 31
20 29
79 15
46 36
39 23
GO
000000011111311112