t 125
65 3 73 3
50 11 53 11
76 4 85 4
68 2 68 6
65 5 68 5
37 25 42 25
59 25 67 25
37 23 37 26
12 3 12 12
22 21 26 21
61 4 61 8
62 0 62 5
9 21 17 21
22 18 27 18
36 31 36 35
15 8 15 17
28 1 28 5
53 26 59 26
9 3 9 6
70 38 70 42
1 11 1 15
8 19 8 28
76 7 80 7
51 28 51 34
41 37 41 41
74 3 79 3
47 6 47 11
32 32 32 34
24 29 31 29
70 36 75 36
53 37 57 37
9 34 11 34
22 39 22 44
49 39 57 39
61 5 68 5
28 16 28 22
17 28 19 28
4 19 4 26
3 38 5 38
18 22 18 28
79 15 84 15
22 39 22 47
73 13 73 22
40 1 49 1
45 30 47 30
33 26 33 29
78 15 78 23
53 22 53 27
15 36 17 36
39 1 39 4
34 22 34 26
28 37 35 37
35 10 38 10
37 5 37 7
35 21 42 21
58 20 58 24
17 8 17 15
12 13 18 13
12 32 20 32
40 1 40 5
61 21 66 21
25 19 33 19
15 21 18 21
2 19 9 19
1 29 9 29
72 31 74 31
69 32 69 34
74 23 83 23
25 33 33 33
20 27 22 27
2 10 8 10
33 12 38 12
5 32 14 32
29 31 29 33
54 17 54 20
76 37 85 37
18 37 26 37
78 23 78 26
0 35 9 35
43 25 43 31
64 26 71 26
30 36 30 43
50 28 54 28
7 7 13 7
29 11 29 13
37 8 46 8
69 10 69 13
10 4 10 7
19 8 19 16
71 19 71 21
41 35 41 41
39 20 43 20
49 37 54 37
68 6 77 6
73 38 82 38
37 10 46 10
48 9 57 9
10 30 10 39
32 2 37 2
26 9 26 18
24 19 26 19
50 8 50 10
18 22 25 22
20 17 26 17
30 35 33 35
71 14 71 21
34 9 34 14
20 5 25 5
26 2 26 5
7 37 16 37
53 22 53 27
54 24 54 31
4 16 4 18
64 7 64 16
40 11 40 19
71 18 71 27
66 26 66 35
46 20 53 20
14 21 17 21
14 8 21 8
27 3 27 5
1 30 1 39
70 14 78 14
69 9 73 9
12 37 19 37
b 200
29 5
52 26
21 4
11 9
61 2
38 13
50 31
11 27
71 29
62 27
39 12
27 11
47 13
7 39
48 29
7 17
2 20
40 28
77 25
30 18
41 30
56 5
10 8
9 18
47 14
48 4
3 9
61 3
11 31
4 39
6 31
10 17
36 15
42 31
50 25
16 15
58 10
7 5
58 31
8 36
18 17
57 4
41 19
60 8
7 25
46 17
2 11
32 23
79 27
14 33
48 35
13 19
24 30
77 11
2 28
23 30
2 12
13 15
25 9
10 20
23 28
78 36
32 29
26 6
14 20
74 32
55 33
63 8
9 27
75 9
29 16
53 29
57 32
31 11
67 4
11 26
30 2
30 7
32 36
56 27
45 9
15 30
11 19
49 35
72 24
9 27
38 30
13 8
44 24
10 10
52 24
46 39
34 4
70 30
70 2
48 10
25 20
52 18
11 8
2 38
60 29
34 31
65 10
76 17
32 15
55 27
61 37
52 23
26 38
46 21
76 24
5 37
33 8
17 18
70 22
23 14
6 3
18 34
59 14
35 22
12 28
42 31
38 19
65 17
70 12
20 35
57 8
68 35
55 33
57 31
76 34
31 18
78 32
79 21
67 34
32 15
13 23
2 30
60 8
53 13
44 37
43 19
55 3
55 17
39 30
16 25
43 16
28 6
62 16
59 36
44 12
34 28
19 2
6 7
32 18
56 8
36 19
21 26
79 12
11 22
55 30
74 22
67 21
46 16
58 18
31 7
24 32
7 8
10 20
48 8
74 32
15 18
33 6
27 28
47 18
37 4
11 6
5 16
19 33
39 11
42 30
72 27
52 30
21 30
46 39
24 8
66 37
37 4
65 32
21 26
54 32
7 38
21 34
30 8
29 18
66 9
29 9
16 2
19 2
18 38
GO
0000000000