t 100
29 14 38 14
54 8 58 8
62 17 69 17
12 33 12 41
21 25 21 28
79 24 79 28
52 30 54 30
36 6 36 10
38 9 46 9
74 31 74 36
1 4 7 4
52 5 52 10
5 38 5 41
7 8 7 10
76 12 76 16
32 38 32 44
32 31 36 31
67 32 67 36
48 0 48 2
47 2 54 2
50 36 58 36
1 36 1 42
45 16 45 24
17 11 17 17
37 14 39 14
68 9 68 11
0 7 0 12
35 6 40 6
39 25 43 25
69 20 69 22
44 29 53 29
27 8 27 15
56 2 58 2
35 6 35 10
21 30 21 38
73 35 79 35
78 22 83 22
39 22 39 26
12 19 12 26
13 21 13 30
73 37 73 46
56 35 56 40
64 2 67 2
64 28 67 28
70 34 72 34
27 26 36 26
24 27 31 27
59 10 61 10
64 17 64 25
54 4 54 13
1 18 1 23
16 16 25 16
15 11 22 11
70 36 76 36
67 0 67 5
44 17 44 22
36 23 43 23
39 39 39 41
42 20 42 29
18 20 18 22
26 35 34 35
55 32 58 32
23 34 23 43
14 35 23 35
45 39 50 39
33 28 37 28
61 5 68 5
17 6 26 6
39 33 39 35
19 13 19 17
4 18 7 18
24 37 33 37
32 4 32 6
66 23 66 27
77 21 77 25
19 2 22 2
48 38 48 41
65 37 65 39
75 16 79 16
78 2 78 6
28 25 35 25
66 38 70 38
35 2 40 2
21 3 27 3
37 28 37 34
18 1 21 1
6 21 10 21
41 24 41 27
64 4 69 4
39 18 39 24
76 1 85 1
21 29 21 31
12 33 12 35
42 9 45 9
79 8 83 8
14 30 22 30
78 4 78 7
14 21 14 27
29 39 29 42
4 11 7 11
b 200
35 12
77 39
78 33
13 35
6 31
28 30
44 5
43 5
72 24
28 32
55 25
68 14
61 4
20 17
65 3
3 38
74 6
67 6
2 3
45 11
77 2
39 38
73 22
37 7
52 24
30 6
72 15
9 10
33 11
70 32
21 14
48 21
64 9
24 17
42 35
69 29
71 10
62 34
62 36
4 35
73 2
48 9
72 8
19 24
31 2
65 21
36 29
68 3
52 4
22 24
43 26
77 37
66 36
15 20
73 32
55 30
75 14
45 27
50 23
43 39
70 31
17 21
6 2
65 22
10 24
9 14
44 37
59 25
32 19
25 9
15 36
2 34
49 20
75 8
73 18
8 12
55 29
74 7
43 26
37 25
66 13
13 5
34 20
62 3
23 12
28 30
44 25
60 11
18 33
76 20
17 8
33 32
78 30
51 19
50 4
19 31
55 13
40 24
35 36
44 7
2 39
72 17
5 14
15 32
31 3
62 4
56 30
64 7
74 30
77 18
75 29
32 7
71 27
3 20
75 32
77 4
55 28
33 33
29 36
11 24
24 32
54 39
34 24
25 32
39 11
35 5
7 6
23 29
66 39
44 31
60 35
47 30
32 11
50 33
13 38
59 17
67 16
15 4
46 15
14 31
3 26
5 22
15 23
6 33
18 19
18 3
23 17
8 32
23 27
25 19
53 26
43 4
71 20
15 38
48 26
46 33
20 29
44 11
77 39
23 27
71 22
40 39
13 5
77 15
6 23
8 12
10 32
69 18
51 30
55 15
32 17
46 16
71 24
28 29
20 13
9 30
79 5
15 2
9 24
66 13
46 16
33 13
26 23
45 12
32 34
63 11
26 30
65 26
29 23
73 31
68 2
22 37
79 13
48 22
2 24
68 32
56 33
44 6
74 15
49 10
GO
00000333333f
b 200
61 19
45 31
17 5
55 11
3 7
19 38
16 35
78 25
3 36
9 6
76 12
71 34
74 35
7 4
2 27
14 14
22 8
34 2
18 9
12 8
9 26
8 25
65 5
3 28
62 23
70 28
10 20
79 9
49 27
57 29
60 39
61 28
42 28
18 9
64 11
33 15
68 18
48 22
14 9
52 17
36 6
5 4
18 25
8 29
10 18
35 10
76 16
6 36
72 22
39 5
40 12
31 20
4 5
25 16
34 36
31 32
45 26
34 38
73 13
36 22
2 32
64 30
11 3
74 26
61 7
29 9
65 6
45 33
67 17
48 31
63 13
2 17
17 17
79 30
53 18
23 18
40 15
15 35
43 26
28 21
41 17
42 26
5 2
37 21
38 16
47 34
62 5
23 34
40 14
19 22
22 19
47 22
18 15
49 37
24 11
62 38
73 4
60 7
37 15
76 35
13 5
51 31
9 36
9 36
13 28
8 26
36 9
75 37
10 32
62 16
57 17
74 18
6 26
29 21
14 13
4 16
78 39
7 31
48 13
29 25
54 25
41 8
71 30
43 34
5 29
49 30
44 22
35 23
23 29
32 4
27 38
23 3
63 9
48 19
13 27
54 15
13 13
57 8
40 23
23 35
46 17
73 13
39 12
22 35
34 36
79 34
70 11
33 12
79 18
21 22
49 11
6 8
20 11
11 9
67 7
4 25
75 26
24 12
30 28
60 23
70 30
62 11
42 12
21 19
12 19
23 13
33 23
68 31
67 12
76 14
27 21
37 20
14 27
48 7
36 21
79 15
53 10
75 30
24 19
42 3
62 16
19 24
17 36
9 36
11 4
38 16
52 10
19 38
34 3
53 22
9 29
5 8
22 29
11 19
35 31
48 27
3 6
26 7
18 19
35 23
GO
00000000000