t 75
31 36 34 36
49 7 57 7
1 25 7 25
5 17 12 17
13 38 13 43
34 19 43 19
36 24 44 24
61 27 69 27
47 22 49 22
52 29 56 29
75 7 84 7
33 12 42 12
53 33 61 33
61 2 66 2
79 23 84 23
42 31 42 36
34 16 34 21
74 30 80 30
8 32 10 32
31 4 36 4
17 20 25 20
0 38 0 42
44 0 44 6
68 37 68 39
27 25 27 30
77 34 79 34
34 35 36 35
39 21 39 25
42 10 42 16
56 6 56 14
27 22 29 22
42 25 46 25
61 27 61 31
18 20 20 20
59 27 59 35
44 30 44 35
2 39 8 39
71 13 71 16
0 24 0 27
28 32 28 36
67 7 69 7
31 35 37 35
21 25 21 32
26 4 34 4
20 36 26 36
67 25 67 32
30 18 30 26
49 0 49 8
56 18 56 27
77 22 77 29
42 24 49 24
64 14 64 16
26 9 34 9
58 16 58 19
46 18 46 21
26 33 26 41
14 22 21 22
7 35 7 42
46 27 46 34
56 8 64 8
62 10 62 16
2 10 2 13
59 35 59 38
69 24 69 28
3 31 8 31
73 13 73 19
57 19 61 19
42 20 49 20
3 32 3 40
48 32 48 34
54 8 61 8
71 29 71 34
35 22 35 25
67 28 67 34
0 20 3 20
b 200
51 9
14 18
41 16
7 26
68 30
8 11
23 35
55 10
74 11
33 28
6 12
73 31
57 37
57 5
18 23
77 8
43 10
79 27
13 25
58 6
19 21
28 19
60 13
75 17
54 10
54 30
65 9
37 29
3 9
19 11
47 15
64 39
18 28
75 28
36 9
28 24
3 8
14 35
74 17
71 20
58 26
37 21
29 23
76 36
25 5
33 18
26 24
6 20
40 6
62 38
4 23
5 29
51 22
14 38
55 20
40 21
46 9
8 4
72 11
39 7
18 9
49 12
2 15
39 13
65 35
8 29
63 19
15 4
40 21
32 3
16 5
49 30
41 36
37 34
41 29
45 36
79 39
77 37
34 31
15 27
56 30
5 22
39 34
10 34
64 39
49 10
50 26
68 15
46 7
29 16
36 7
65 30
20 15
13 21
68 9
61 34
48 17
16 6
26 31
8 4
62 20
58 12
20 6
59 21
38 13
25 5
56 15
77 10
66 31
36 11
73 28
64 13
76 35
52 10
54 13
52 12
60 29
72 7
67 8
17 34
12 18
52 27
73 12
8 34
68 23
62 23
6 18
74 6
74 24
2 9
13 26
79 37
3 28
26 3
65 19
11 29
13 36
51 14
75 34
29 31
14 10
74 2
75 16
33 28
78 5
22 33
25 26
15 21
56 3
25 23
78 18
65 38
24 12
25 32
4 32
11 2
3 19
49 9
51 37
43 17
47 34
59 11
17 12
59 4
68 22
62 33
36 5
67 39
63 31
65 30
66 30
29 19
22 14
65 38
49 37
51 21
46 26
75 28
25 37
64 19
11 11
40 5
38 22
58 3
78 23
51 2
10 14
72 22
50 38
40 9
72 26
79 17
36 36
31 13
7 15
55 26
63 14
76 23
23 37
61 17
GO
000000