t 125
64 31 64 33
10 8 18 8
45 15 48 15
14 3 17 3
41 19 48 19
11 10 19 10
39 20 39 28
61 27 61 35
2 23 10 23
62 3 62 6
31 35 31 39
61 31 69 31
4 38 4 47
77 12 86 12
30 8 35 8
14 3 14 7
65 15 65 22
43 20 51 20
43 5 43 14
32 19 32 27
70 25 77 25
35 7 42 7
1 26 5 26
68 29 68 33
40 5 40 7
3 2 8 2
8 33 17 33
39 38 39 47
33 21 35 21
57 17 57 19
13 24 18 24
54 38 54 44
72 19 74 19
62 35 71 35
44 8 52 8
56 29 56 35
44 12 44 15
1 12 1 15
18 8 18 11
39 34 44 34
8 9 15 9
53 22 60 22
47 26 52 26
45 5 48 5
32 10 32 14
26 38 32 38
47 14 49 14
41 32 44 32
58 29 58 31
20 38 20 40
3 21 3 28
54 13 54 17
55 37 59 37
42 30 45 30
30 20 30 24
19 21 19 28
60 10 65 10
72 14 72 21
30 29 30 37
13 7 21 7
67 4 67 10
57 32 57 38
79 33 81 33
74 20 82 20
47 10 52 10
59 18 59 24
9 12 9 16
39 14 39 19
14 28 14 37
2 0 10 0
73 27 78 27
26 8 26 16
63 26 66 26
79 7 79 15
1 34 9 34
64 12 72 12
22 2 22 7
47 24 47 33
61 31 61 38
21 37 29 37
68 2 72 2
78 24 78 32
10 36 13 36
25 27 33 27
34 24 34 26
62 38 62 41
7 24 9 24
37 17 37 25
51 32 54 32
78 12 81 12
34 17 43 17
37 0 37 4
43 10 51 10
57 25 63 25
24 36 24 41
1 29 8 29
14 8 14 12
22 16 22 25
66 4 68 4
78 25 87 25
34 26 34 32
18 18 25 18
60 10 60 19
13 37 13 45
59 14 59 23
62 0 70 0
36 8 36 13
61 3 63 3
2 33 2 36
14 28 14 32
5 31 12 31
31 19 34 19
45 2 49 2
16 4 23 4
45 29 48 29
24 13 27 13
51 30 54 30
67 32 73 32
78 39 86 39
53 35 61 35
72 1 72 6
78 20 80 20
60 21 60 26
47 23 51 23
67 33 67 38
b 200
58 33
52 6
12 12
63 13
14 21
62 22
28 21
14 39
44 29
37 9
76 33
78 3
79 30
79 37
9 19
3 17
11 39
18 28
75 35
54 20
31 32
33 10
73 39
69 38
64 11
43 37
36 34
68 24
55 25
6 13
35 16
50 5
71 37
28 24
70 11
77 37
23 27
62 32
48 11
70 39
59 27
45 18
34 2
43 36
61 18
3 38
61 18
38 38
8 18
36 22
43 39
55 4
42 37
53 17
50 38
75 13
79 24
51 6
31 3
2 31
28 8
5 36
41 33
51 29
32 29
16 30
42 14
76 12
54 18
16 29
79 16
29 36
45 7
59 11
46 22
72 11
18 29
61 6
72 11
63 29
75 38
3 16
19 23
64 28
23 21
26 7
52 38
59 11
30 39
75 19
21 3
50 3
28 30
33 38
63 16
66 9
17 18
67 26
20 29
52 22
25 14
49 17
69 23
30 19
46 22
50 32
50 32
39 11
75 15
33 9
20 2
45 17
29 11
49 18
13 27
21 5
9 30
25 28
45 22
58 4
19 31
56 10
33 30
64 17
55 31
40 25
68 26
10 13
62 37
64 23
78 17
28 16
32 29
21 32
70 36
55 25
15 17
4 8
7 7
18 39
72 38
20 8
25 12
73 20
27 21
6 33
26 29
74 8
19 16
51 27
71 13
25 15
22 34
4 16
73 20
32 16
8 20
16 9
45 39
32 33
15 2
16 30
75 39
16 39
2 37
7 13
46 38
32 29
15 5
11 3
11 12
11 19
62 22
40 9
44 29
7 4
74 28
8 39
35 30
65 28
65 28
50 5
48 32
17 12
32 36
69 3
55 5
75 18
48 6
64 16
11 37
70 7
11 17
18 37
66 6
28 11
9 18
18 23
11 35
5 20
GO
000000000000