f
b 200
10 30
45 27
68 25
41 3
11 13
37 2
66 6
28 39
19 26
23 36
12 12
14 32
42 15
59 10
59 26
51 16
44 35
7 12
25 33
46 26
20 36
71 22
19 20
28 5
59 28
8 16
47 12
67 19
49 23
45 39
44 18
2 7
28 36
63 20
46 17
46 36
59 27
4 18
13 29
42 24
13 11
64 23
6 11
9 23
12 8
23 9
59 37
21 28
7 38
34 19
26 17
32 2
49 2
66 4
22 34
31 22
20 34
39 31
35 24
2 32
8 3
6 2
55 17
24 14
28 11
9 6
45 36
73 9
39 29
55 3
56 7
45 8
54 13
12 2
71 17
36 21
8 23
38 32
19 25
51 6
44 29
56 22
43 6
3 25
19 22
27 5
63 4
66 9
2 31
45 31
24 30
3 35
71 3
36 21
34 19
39 26
63 15
38 34
6 25
78 6
29 12
4 34
66 28
64 12
16 13
3 6
49 28
46 37
50 23
20 14
52 31
3 34
49 14
61 29
6 9
18 2
74 26
12 34
57 25
16 39
67 2
26 32
60 10
31 27
21 6
73 38
41 20
58 15
16 28
31 4
22 32
72 19
75 38
70 16
68 9
49 3
22 13
50 34
8 4
28 10
66 4
23 4
48 36
79 18
55 22
4 5
76 37
36 30
5 7
75 5
29 6
22 38
11 18
63 19
76 11
21 12
58 11
40 27
7 38
52 8
22 18
72 18
53 5
18 38
23 13
57 2
51 6
10 30
31 21
49 26
34 30
75 7
44 35
53 19
3 34
50 14
31 18
73 7
48 34
64 16
73 4
63 10
2 27
68 32
21 26
23 8
7 28
53 8
56 33
56 38
33 30
6 33
65 19
7 30
66 21
25 38
67 7
79 35
44 3
64 33
GO
000