t 125
50 13 50 15
70 26 72 26
23 32 23 36
66 25 74 25
17 14 17 18
4 8 8 8
55 26 55 33
45 29 54 29
48 32 50 32
28 20 28 23
25 39 29 39
41 6 41 14
35 20 42 20
11 11 16 11
65 8 65 11
37 12 45 12
64 10 64 17
27 26 29 26
72 11 72 16
71 22 71 28
71 18 76 18
62 29 71 29
2 36 4 36
35 12 35 14
4 8 4 15
34 20 38 20
65 15 71 15
52 25 52 31
14 21 22 21
62 11 70 11
16 28 16 32
36 2 39 2
61 39 67 39
0 33 0 41
14 28 18 28
78 10 83 10
68 17 70 17
1 13 9 13
29 38 37 38
63 0 66 0
18 4 18 8
38 19 44 19
46 8 51 8
54 24 57 24
18 27 20 27
4 27 4 32
35 16 35 25
28 0 28 9
45 37 50 37
11 25 11 32
34 30 41 30
59 12 59 18
24 13 24 15
58 5 60 5
55 31 62 31
53 2 55 2
36 10 36 15
10 35 10 39
71 36 74 36
68 33 68 38
69 10 69 14
30 37 30 42
67 4 72 4
20 18 20 25
48 3 48 6
79 6 79 8
9 0 13 0
56 20 56 22
60 30 60 39
52 27 61 27
52 16 52 19
1 39 1 41
35 6 38 6
77 18 83 18
79 9 84 9
74 22 77 22
28 8 31 8
3 5 6 5
33 33 33 38
33 14 33 19
69 21 69 25
49 18 58 18
23 37 23 40
30 37 33 37
66 9 66 11
16 26 16 35
79 12 79 17
12 33 17 33
2 6 2 14
8 14 8 22
61 18 64 18
33 32 41 32
22 27 28 27
54 30 54 38
3 5 3 14
0 36 0 40
43 8 46 8
18 24 21 24
42 16 42 21
77 16 77 21
27 21 31 21
64 20 71 20
26 15 35 15
35 35 35 41
2 23 2 30
74 2 81 2
21 12 21 21
2 22 2 30
38 5 38 11
49 8 53 8
26 25 26 27
47 30 47 37
53 2 53 11
70 17 70 25
43 14 49 14
43 10 45 10
56 13 56 17
32 7 32 16
30 39 30 43
74 30 77 30
77 3 77 11
36 13 36 16
14 10 14 12
55 3 60 3
0 24 9 24
b 200
64 26
25 15
79 4
58 17
25 26
41 2
42 8
60 29
62 37
66 6
78 12
17 13
75 21
47 3
24 34
74 3
29 7
49 20
12 38
38 29
31 16
57 8
73 31
40 2
49 25
57 5
58 28
50 25
29 35
8 34
22 4
67 36
40 4
55 36
60 17
59 19
13 23
38 13
37 8
51 2
12 8
50 12
6 29
41 35
15 8
34 10
53 31
9 36
54 22
71 8
18 20
9 22
43 7
2 4
8 25
68 13
62 9
50 16
24 8
71 10
25 20
49 27
72 17
46 3
44 2
2 34
4 6
16 24
58 26
16 15
61 12
26 10
70 31
67 14
26 16
26 33
52 12
3 33
68 16
64 28
61 17
69 19
21 34
48 12
16 8
7 25
78 36
13 3
33 29
31 2
62 38
6 34
47 19
75 36
60 12
45 28
44 21
61 20
59 29
71 6
66 21
25 19
63 30
18 37
60 10
70 9
77 24
11 7
64 4
11 34
31 7
23 23
75 34
29 9
20 34
75 15
71 32
56 39
68 27
17 20
13 24
17 34
9 38
10 13
14 19
69 5
35 31
25 13
13 27
32 23
3 25
28 17
3 39
42 26
62 22
24 2
25 14
63 7
17 12
39 6
20 16
5 32
59 20
64 37
42 10
43 2
42 34
31 31
3 26
79 27
30 16
25 15
69 28
69 32
62 8
51 34
68 22
30 27
24 7
47 15
17 26
26 35
26 4
29 5
45 13
52 11
21 30
63 32
76 24
43 18
58 2
15 23
51 30
78 8
25 14
55 20
18 13
13 6
69 34
63 37
17 6
19 20
73 37
33 22
36 19
69 27
56 26
11 15
56 12
39 5
40 27
52 38
66 17
79 21
64 19
2 15
19 38
69 2
57 22
50 21
GO
022222