t 125
66 8 66 11
30 19 39 19
37 11 37 19
51 24 57 24
9 27 15 27
43 12 43 18
36 9 44 9
33 0 42 0
47 9 52 9
46 24 49 24
39 6 42 6
17 32 25 32
75 11 77 11
63 22 70 22
55 28 55 36
72 17 80 17
56 2 56 8
57 19 57 24
28 10 28 12
46 30 46 35
26 9 26 17
74 29 78 29
68 15 75 15
77 8 77 13
61 17 66 17
55 14 59 14
44 7 44 13
19 39 19 45
71 8 71 15
66 24 66 28
74 2 79 2
60 37 66 37
5 27 5 31
6 6 6 12
62 11 68 11
29 35 36 35
43 18 43 22
71 30 71 32
77 32 84 32
19 27 19 35
11 11 13 11
50 5 58 5
64 7 64 13
19 10 23 10
60 38 60 45
45 10 49 10
14 12 18 12
71 11 71 16
49 12 49 20
78 11 78 14
76 23 83 23
24 4 24 13
55 22 64 22
38 13 38 16
49 28 51 28
43 35 49 35
38 9 38 12
6 37 6 45
51 25 59 25
15 11 15 19
13 3 13 12
13 7 22 7
34 4 34 10
69 8 69 12
33 27 33 33
30 4 33 4
14 34 14 43
74 37 76 37
21 27 24 27
69 17 74 17
10 21 19 21
15 14 15 23
22 7 22 11
20 24 20 32
29 16 29 20
76 15 80 15
9 35 9 42
62 14 62 20
65 19 74 19
35 11 42 11
72 28 78 28
25 17 25 24
32 25 37 25
19 1 19 6
22 19 22 28
67 0 73 0
13 29 13 34
11 1 11 5
67 7 67 9
62 39 62 41
41 31 41 40
28 24 28 26
4 6 13 6
27 12 27 18
19 37 28 37
22 3 22 5
45 25 45 30
49 0 49 4
44 14 46 14
31 18 31 24
10 22 12 22
38 28 45 28
14 10 18 10
45 1 45 4
58 10 58 18
12 20 14 20
56 9 56 13
15 27 15 36
24 14 24 20
44 28 44 30
57 29 57 37
7 0 10 0
60 13 64 13
17 33 17 41
53 0 53 6
40 13 40 19
16 37 21 37
76 18 76 22
36 12 45 12
23 13 26 13
31 10 39 10
74 14 78 14
19 20 28 20
43 23 43 32
64 34 70 34
b 200
54 29
18 20
47 18
3 31
65 20
77 5
47 21
9 15
8 30
68 27
42 17
73 14
50 21
5 36
66 30
9 22
33 20
37 22
6 36
61 34
8 22
54 3
25 30
9 17
71 35
74 9
4 14
44 15
63 16
60 11
3 5
67 25
63 33
48 32
76 12
16 11
73 4
7 22
33 17
45 21
65 26
70 32
46 38
14 14
75 35
30 16
54 19
23 14
65 31
79 4
18 6
24 29
78 4
72 2
35 6
74 36
6 22
33 37
32 7
9 5
54 7
14 32
63 2
2 37
48 16
3 32
10 23
61 5
48 14
8 35
33 2
8 9
60 2
25 31
21 39
13 25
33 21
12 23
3 21
15 37
25 39
12 12
73 21
47 11
56 19
14 29
12 4
37 29
52 26
54 13
23 29
42 26
23 35
61 28
3 27
54 2
41 27
6 36
4 12
59 34
2 9
67 38
67 4
60 11
6 30
9 12
53 28
50 18
70 26
49 38
63 38
50 21
25 30
13 18
29 29
75 12
52 34
51 6
44 6
50 22
32 32
74 26
60 9
42 24
30 26
26 27
75 13
33 13
42 15
68 9
10 17
35 26
6 4
60 10
6 25
48 38
23 35
53 10
41 15
31 31
21 13
17 18
3 3
13 36
53 20
68 24
3 35
5 36
44 3
7 38
6 17
35 18
42 14
29 9
42 19
74 24
38 6
17 19
51 2
2 38
58 8
16 36
46 9
70 25
10 5
68 31
69 35
23 12
79 27
23 12
73 27
65 26
79 38
52 19
26 33
22 38
70 35
17 13
17 23
5 23
20 13
3 17
66 23
6 24
63 31
48 18
55 26
24 26
20 33
8 29
72 8
2 26
2 30
57 15
44 21
38 31
78 36
8 8
32 24
18 18
GO
00003333