t 125
33 8 33 10
53 1 55 1
73 5 76 5
79 5 79 10
16 12 24 12
53 16 58 16
70 34 77 34
29 21 29 26
16 38 24 38
2 27 2 30
67 4 67 11
22 7 31 7
20 13 26 13
19 0 25 0
20 31 20 34
16 22 18 22
10 26 10 30
56 17 58 17
79 9 81 9
71 35 79 35
60 5 60 8
28 16 32 16
45 2 45 5
2 6 7 6
52 12 55 12
43 32 43 36
40 10 48 10
60 35 66 35
5 25 5 27
71 9 79 9
0 25 5 25
62 33 69 33
28 5 28 10
18 37 25 37
49 33 49 40
56 17 62 17
41 4 41 9
62 2 70 2
16 11 18 11
58 18 65 18
28 8 28 12
60 15 67 15
11 3 11 6
69 1 69 6
36 20 38 20
78 7 78 10
46 16 46 21
66 4 66 6
59 5 59 9
31 15 39 15
43 6 52 6
44 36 50 36
38 16 38 24
5 35 5 39
16 7 20 7
44 15 52 15
20 3 20 6
62 33 62 42
13 17 13 20
48 15 52 15
74 30 74 38
38 19 41 19
28 19 28 26
12 15 20 15
76 8 78 8
15 18 17 18
7 9 7 12
43 14 43 22
47 8 52 8
13 20 13 26
27 20 27 22
0 16 2 16
42 7 42 14
2 25 8 25
33 8 33 17
39 25 45 25
30 9 38 9
46 31 46 39
32 37 32 42
75 32 75 35
0 3 9 3
38 39 38 48
76 37 76 45
22 29 31 29
46 29 46 38
24 38 24 42
27 20 27 28
78 20 78 27
15 26 18 26
77 17 77 24
70 31 74 31
8 23 8 28
48 30 48 39
78 9 78 18
44 24 44 32
72 31 72 36
9 1 9 10
39 15 44 15
48 35 50 35
58 21 58 28
9 28 15 28
20 2 23 2
47 35 50 35
27 16 27 25
41 21 48 21
53 11 53 20
49 1 58 1
45 37 45 42
7 29 7 36
19 4 19 11
31 5 40 5
36 23 40 23
34 7 38 7
65 37 65 44
51 20 56 20
57 36 57 39
11 12 14 12
45 32 54 32
25 13 25 16
76 30 76 35
52 39 52 45
8 20 8 23
52 21 60 21
44 9 47 9
57 39 60 39
b 200
20 11
52 34
56 28
79 30
2 26
76 2
15 4
49 4
31 19
71 10
60 29
33 6
51 30
32 25
70 25
5 19
18 2
69 21
44 37
2 4
33 38
68 24
79 29
68 20
23 20
42 29
66 13
36 16
77 2
56 34
61 5
54 24
64 24
7 15
24 31
27 39
33 31
11 39
64 3
56 31
53 4
35 12
14 30
52 31
23 5
58 3
47 39
43 31
76 17
6 15
68 14
21 24
76 7
62 31
22 34
72 26
25 17
52 24
27 34
15 29
63 8
53 38
24 15
32 23
71 11
56 25
45 18
64 39
75 4
63 13
20 8
19 3
74 28
11 34
5 14
31 17
79 25
70 27
30 37
54 19
48 9
72 25
40 34
40 32
24 17
68 20
65 5
59 2
40 6
26 6
9 36
3 37
45 7
68 30
67 23
57 27
18 30
31 16
45 14
53 31
74 22
73 15
25 33
27 34
11 16
71 28
66 3
67 38
21 8
77 5
16 36
55 38
39 3
3 4
40 26
8 17
69 32
3 38
21 36
32 33
21 6
59 31
67 23
27 31
22 19
25 26
66 17
47 16
79 15
29 8
50 14
52 23
3 11
58 15
43 9
28 30
64 3
36 8
28 35
79 15
37 36
69 15
39 36
16 8
30 10
24 22
28 16
57 8
62 8
51 11
65 36
38 12
44 34
31 28
49 14
64 24
73 2
5 18
64 22
5 32
65 36
40 22
73 18
14 19
2 12
2 15
2 20
37 34
2 24
55 34
51 13
36 36
50 17
65 31
48 7
35 20
69 21
30 21
76 2
52 17
59 28
72 13
26 34
13 32
57 13
29 12
41 18
12 39
11 22
77 36
49 12
71 21
34 34
15 3
37 2
73 2
66 27
78 28
49 11
19 25
GO
0000000022211111