f
b 200
26 35
41 11
29 22
29 10
9 15
20 36
39 25
42 6
8 7
48 31
6 7
18 25
43 21
40 28
33 21
12 37
7 3
38 12
37 33
67 27
33 5
14 4
48 21
9 13
12 16
50 3
72 27
13 18
76 16
69 25
59 23
7 19
25 2
20 33
77 19
12 15
57 2
8 29
21 32
79 34
25 10
10 26
31 23
39 11
13 11
70 27
7 36
55 29
15 33
3 35
30 19
22 2
57 6
22 31
33 14
9 36
56 13
69 35
28 24
20 15
14 6
78 12
62 39
64 15
74 14
75 34
25 11
7 15
73 32
22 5
2 39
68 38
18 21
27 18
73 29
19 28
74 39
37 31
62 18
9 22
24 39
50 13
15 6
70 2
59 12
4 8
46 4
51 25
16 30
14 39
19 5
19 23
78 39
61 5
34 20
48 4
71 11
21 22
59 29
66 9
72 15
18 37
32 13
47 23
58 30
27 12
20 4
18 30
11 15
62 17
12 5
40 16
5 29
37 25
76 25
54 3
70 25
18 13
67 17
10 24
6 35
5 8
60 31
27 31
44 10
76 6
70 4
55 33
69 12
53 8
20 31
56 19
4 13
58 6
56 18
20 12
60 31
18 25
3 19
50 38
20 28
44 31
11 5
8 34
59 17
40 24
58 35
65 6
36 13
69 15
62 5
40 5
57 16
64 9
14 4
22 2
10 17
72 19
61 19
41 19
32 21
30 8
27 23
48 23
2 5
13 17
48 10
46 38
22 34
35 19
9 20
39 39
41 7
25 19
76 30
21 20
29 15
25 38
68 16
39 11
29 32
45 8
35 37
12 7
11 39
61 23
13 8
46 19
49 16
61 12
22 17
70 18
17 35
63 37
76 31
26 15
77 22
14 34
76 14
3 38
GO
00000000