t 125
59 34 62 34
71 27 74 27
1 26 3 26
29 38 29 42
2 29 2 36
77 13 77 18
72 35 75 35
73 15 80 15
51 3 58 3
62 10 62 15
39 32 39 36
22 37 22 39
25 13 33 13
53 12 53 16
32 29 32 38
35 1 35 8
30 12 36 12
30 38 36 38
58 7 67 7
31 4 31 12
20 9 25 9
55 30 59 30
32 17 32 23
22 2 22 9
59 35 62 35
4 5 9 5
34 5 34 13
5 27 11 27
76 3 80 3
74 5 74 9
51 37 55 37
73 28 76 28
50 20 53 20
0 31 5 31
70 25 70 28
14 4 19 4
55 25 55 33
75 4 77 4
72 13 81 13
27 16 34 16
43 7 46 7
1 32 10 32
26 33 26 35
41 19 49 19
4 4 13 4
30 8 33 8
25 34 25 37
40 20 43 20
47 6 51 6
66 26 66 35
27 22 34 22
2 16 2 23
12 37 12 46
33 0 33 2
52 4 56 4
34 18 39 18
57 22 59 22
20 35 28 35
50 16 57 16
18 34 26 34
56 18 61 18
67 21 69 21
12 34 18 34
21 2 21 10
12 13 17 13
67 31 67 37
54 18 60 18
55 14 59 14
23 24 27 24
68 13 70 13
27 4 27 11
73 36 80 36
4 21 13 21
46 4 53 4
60 35 60 43
28 24 33 24
68 35 68 39
46 17 46 23
41 30 41 37
36 8 36 16
13 13 13 15
64 22 64 24
41 4 41 12
54 10 62 10
43 29 43 31
53 7 53 11
60 16 63 16
59 33 59 37
0 30 0 36
1 29 1 33
62 31 67 31
58 9 58 16
37 31 37 40
47 26 47 30
8 5 8 11
67 29 67 33
60 23 68 23
49 17 49 20
33 6 33 14
7 5 7 8
37 24 40 24
34 27 34 35
2 39 11 39
71 17 71 24
37 36 37 44
34 11 37 11
31 21 31 24
61 22 61 28
73 9 78 9
57 5 57 12
72 34 72 40
73 35 78 35
76 17 76 22
20 25 20 31
14 22 14 26
63 22 68 22
64 37 64 45
7 27 7 31
41 35 41 44
6 2 9 2
38 27 38 34
30 28 32 28
69 37 69 44
73 22 73 25
24 1 30 1
b 200
3 15
44 28
19 7
58 27
26 2
27 32
70 19
23 3
15 17
23 16
28 33
62 30
23 37
3 7
17 18
30 14
33 28
44 18
71 12
25 25
37 28
16 18
11 33
63 36
36 23
46 9
9 3
60 14
34 14
76 24
78 5
48 28
62 33
34 21
32 14
39 28
47 38
43 22
23 4
45 12
23 5
11 9
4 35
3 16
17 28
3 19
47 7
50 10
64 11
26 3
25 31
40 32
16 29
52 23
74 25
4 33
35 9
25 2
54 20
54 6
79 39
45 11
63 32
4 9
48 29
48 7
68 7
11 38
15 37
29 27
69 7
76 2
75 8
35 28
24 7
36 37
55 19
77 39
27 3
21 16
29 2
65 15
65 3
70 19
20 21
30 10
64 36
53 25
27 18
54 32
15 14
26 6
65 9
18 36
46 33
62 17
69 16
4 37
3 35
74 21
9 34
21 28
66 13
75 14
47 18
35 25
56 26
6 18
52 32
76 34
32 15
38 37
20 15
79 4
45 36
78 14
50 11
68 11
21 39
71 34
35 28
60 20
18 18
23 15
55 5
73 4
72 6
27 19
48 24
13 2
32 14
21 38
11 22
51 28
31 32
68 12
20 23
50 15
19 30
4 29
61 21
42 14
43 18
61 32
78 25
23 31
59 5
35 24
53 25
23 3
4 3
4 29
60 14
13 33
62 32
37 20
76 38
46 35
39 31
47 17
10 17
44 18
72 2
35 39
29 4
15 8
23 25
71 6
50 28
34 24
6 22
48 33
43 5
8 23
17 14
79 23
44 14
6 37
3 35
39 17
70 14
3 9
23 33
25 10
16 2
78 27
78 11
10 7
44 14
42 38
19 36
3 12
54 39
56 25
41 23
60 27
28 39
9 15
23 5
35 36
GO
0000000000