t 125
58 5 60 5
58 12 58 19
66 17 74 17
54 6 54 11
52 17 52 21
22 32 22 38
39 15 39 23
16 21 16 24
66 2 66 11
6 39 6 43
24 5 24 14
58 33 64 33
61 20 61 26
7 9 7 11
75 37 75 43
75 39 75 46
35 4 40 4
22 15 22 21
13 23 13 30
40 32 49 32
55 4 60 4
51 31 54 31
27 7 27 11
68 18 68 23
65 19 65 28
11 24 11 31
18 1 18 4
52 33 52 40
74 23 79 23
37 5 37 10
57 11 62 11
67 11 67 19
54 33 54 42
65 14 74 14
60 10 65 10
0 13 0 17
41 38 41 41
55 15 60 15
42 9 49 9
62 12 65 12
1 17 6 17
15 2 17 2
68 27 71 27
25 12 28 12
71 36 74 36
74 12 83 12
42 0 44 0
62 27 62 31
39 23 39 26
25 38 25 41
60 0 69 0
33 25 33 33
14 10 22 10
35 31 43 31
78 11 78 17
11 13 13 13
44 17 48 17
31 18 39 18
62 11 62 19
27 31 29 31
37 15 37 23
56 24 62 24
33 10 42 10
48 5 48 11
23 0 30 0
61 20 61 24
36 38 38 38
34 29 36 29
44 39 46 39
15 25 15 30
10 24 17 24
31 13 31 17
25 36 25 42
7 2 7 8
24 24 29 24
18 30 26 30
67 30 74 30
78 32 83 32
62 28 69 28
17 22 26 22
2 31 5 31
24 18 24 26
76 36 76 40
34 12 38 12
5 22 5 26
56 11 56 15
36 29 36 32
46 31 46 40
54 36 63 36
37 6 39 6
70 6 78 6
45 1 45 5
37 18 37 24
38 0 40 0
6 18 10 18
65 39 65 48
23 1 30 1
31 11 31 13
72 12 72 14
65 31 74 31
70 1 78 1
32 9 32 17
25 22 25 25
3 21 3 29
58 27 64 27
28 19 30 19
5 27 14 27
79 3 79 5
11 11 16 11
37 34 37 36
63 37 68 37
5 23 12 23
1 35 1 38
7 38 15 38
49 37 54 37
76 18 83 18
51 15 57 15
75 34 84 34
54 28 57 28
68 18 68 21
14 31 23 31
17 19 22 19
57 27 57 36
78 1 78 3
72 3 79 3
b 200
59 29
4 27
34 6
65 35
60 19
24 29
20 39
65 13
9 5
73 7
5 14
50 11
60 22
53 8
51 27
48 23
78 21
20 36
72 35
17 7
71 23
10 13
71 25
28 20
45 6
73 7
16 13
16 13
10 25
62 9
47 24
11 34
64 8
45 23
21 17
40 14
9 15
63 9
77 33
75 11
76 26
55 14
27 3
42 28
28 28
41 37
8 37
34 33
20 29
42 28
19 16
68 36
26 32
22 13
25 28
40 17
32 36
47 3
44 18
57 38
57 21
64 7
78 21
30 37
6 4
63 32
10 32
33 9
43 11
65 36
66 23
25 17
42 7
41 26
42 12
33 7
23 33
49 5
39 34
14 3
6 32
74 20
40 3
5 18
54 3
76 25
48 21
18 26
21 39
24 32
55 14
19 14
20 36
65 17
13 32
46 8
16 17
6 10
46 7
44 29
60 19
12 3
28 25
44 11
73 23
59 23
5 9
24 34
38 39
41 4
74 32
75 14
63 4
49 7
8 28
50 15
51 25
35 13
58 34
34 39
14 32
23 21
51 11
8 26
64 20
18 27
26 7
62 20
50 30
20 23
47 15
61 34
50 24
29 8
20 8
19 4
34 23
5 13
55 11
64 15
31 26
25 28
60 25
44 7
11 21
19 23
30 14
43 10
26 38
43 22
49 10
44 8
32 39
7 19
47 23
56 27
50 30
23 5
24 36
35 9
40 12
47 27
41 36
28 5
26 31
5 7
32 29
41 12
24 33
59 12
48 29
23 23
43 28
47 10
41 30
8 12
63 15
60 17
67 26
55 6
16 39
6 36
3 32
60 19
46 22
38 17
77 30
50 20
46 13
76 11
74 33
72 32
62 8
55 10
62 39
41 15
58 25
32 32
27 26
28 16
GO
000033