t 125
0 6 0 8
60 18 62 18
8 21 8 27
13 0 13 2
70 19 72 19
71 33 71 35
53 8 53 11
30 5 35 5
63 8 69 8
9 32 9 39
78 14 87 14
16 11 16 19
54 17 57 17
9 1 9 9
38 30 38 39
25 31 28 31
46 24 46 27
68 38 75 38
61 28 61 34
34 37 39 37
25 15 27 15
79 10 79 14
68 11 75 11
18 27 18 30
50 36 57 36
60 4 66 4
30 33 32 33
77 27 77 33
20 3 20 8
27 5 32 5
3 13 9 13
52 37 56 37
1 7 1 9
74 27 76 27
37 6 37 8
75 33 75 38
26 10 26 15
11 39 11 47
69 23 71 23
52 19 61 19
31 37 35 37
30 13 33 13
12 28 20 28
68 37 77 37
75 32 77 32
72 25 81 25
15 29 23 29
62 24 62 32
10 39 10 41
45 15 52 15
54 2 54 11
42 38 42 44
40 8 45 8
10 25 10 31
15 6 15 13
48 28 54 28
65 8 65 10
25 10 25 15
50 20 56 20
60 2 60 7
13 31 13 37
24 11 24 17
5 24 5 33
6 20 15 20
8 26 8 32
74 30 80 30
36 11 40 11
43 34 43 37
65 12 72 12
23 33 23 39
12 17 15 17
1 36 1 40
6 22 6 28
33 39 33 44
16 12 20 12
59 19 59 25
65 36 65 38
71 11 71 13
14 38 16 38
27 37 27 43
31 38 36 38
55 35 58 35
74 16 74 24
48 23 48 32
21 30 21 34
41 15 43 15
61 22 61 28
41 12 44 12
11 37 18 37
11 25 16 25
72 25 72 30
40 36 40 42
27 20 27 27
54 1 54 6
71 7 71 9
57 4 63 4
30 38 36 38
5 39 13 39
24 16 26 16
65 39 65 47
4 24 9 24
27 25 36 25
46 27 46 30
68 0 68 5
77 30 77 39
51 2 51 6
52 29 52 33
77 4 77 10
15 23 15 27
68 32 68 41
8 0 8 2
0 14 0 19
66 30 75 30
49 32 54 32
4 16 8 16
29 17 37 17
50 37 58 37
48 8 48 10
65 7 72 7
39 27 45 27
3 14 3 16
32 16 32 20
15 11 15 14
7 33 7 42
49 35 53 35
b 200
28 33
61 9
44 6
14 35
38 13
36 22
22 39
71 16
29 35
72 34
58 13
12 11
41 32
61 17
38 10
26 17
35 22
47 16
18 25
19 11
56 38
42 13
37 38
19 26
16 6
26 25
23 27
70 39
58 15
22 17
64 9
28 39
3 24
76 2
27 17
22 10
61 20
48 6
34 15
40 31
5 18
10 24
4 21
66 26
69 15
25 5
58 7
28 23
52 5
66 21
28 11
25 23
64 2
42 35
20 11
50 14
38 10
20 2
43 25
45 21
47 34
26 36
21 27
41 33
63 29
47 27
55 9
21 22
24 33
70 22
21 10
20 13
21 5
26 18
19 4
34 32
25 29
15 16
66 35
44 10
26 38
2 18
76 2
73 23
53 25
8 7
29 15
49 25
45 20
7 10
75 24
49 39
33 6
25 7
77 12
57 32
8 4
34 34
29 36
73 24
10 7
59 37
52 23
78 8
4 32
37 32
76 36
29 32
56 39
17 30
78 2
54 29
6 15
60 31
12 19
54 15
54 38
63 21
18 38
35 32
8 33
76 38
75 31
74 26
78 2
42 34
22 3
78 8
60 20
64 36
42 34
8 17
75 29
65 28
76 18
25 33
78 6
29 29
18 26
53 38
76 24
54 29
11 8
51 26
43 21
3 36
55 3
49 12
68 25
66 19
18 35
4 28
52 6
20 23
56 10
42 25
78 5
7 8
48 7
39 6
79 5
39 30
19 19
64 2
69 27
35 19
34 18
19 32
74 39
40 17
66 32
35 13
39 12
61 36
49 31
41 23
25 9
50 17
39 10
34 32
77 19
14 30
65 3
2 17
55 12
41 31
66 24
21 20
23 8
24 31
14 19
64 14
4 29
37 31
44 33
7 19
23 32
65 5
15 36
30 7
GO
0003333