f
b 200
58 24
17 5
41 13
54 28
22 20
36 9
18 28
50 12
29 38
26 23
64 22
41 14
76 14
42 29
29 13
20 7
46 21
77 24
17 19
6 2
4 11
43 38
72 38
30 5
71 24
73 13
24 23
55 23
46 21
25 38
23 36
25 39
13 35
30 3
38 23
42 12
55 8
68 19
50 9
3 9
26 25
50 18
31 33
13 30
14 5
45 28
39 34
24 2
25 31
29 27
6 24
68 13
17 8
79 12
74 14
48 14
70 4
50 33
30 36
42 17
62 8
47 32
4 3
2 23
45 38
27 2
19 33
41 25
28 7
2 22
14 33
76 2
65 28
48 12
17 15
25 20
62 38
46 2
14 14
68 31
39 6
16 28
49 27
34 23
49 24
43 30
55 39
38 20
34 38
48 35
16 16
63 34
16 13
6 19
77 36
24 24
47 14
56 32
71 14
24 29
4 13
77 8
14 36
76 36
36 23
16 39
2 28
62 37
40 21
38 28
37 39
29 10
34 38
77 27
3 2
47 27
17 16
71 39
47 8
45 32
50 27
20 19
7 22
6 36
57 2
26 39
14 27
27 30
25 5
59 13
8 12
69 20
48 27
54 5
21 14
43 5
7 11
20 16
9 22
44 37
50 25
32 4
68 37
65 28
73 3
25 9
17 31
72 28
10 12
31 39
15 24
49 30
35 2
10 31
59 12
2 31
4 2
27 17
48 34
63 36
23 17
68 3
17 35
31 20
72 6
60 12
26 16
38 19
35 14
5 39
63 29
8 33
32 5
34 30
47 5
65 31
14 24
57 13
3 36
41 30
79 37
10 23
33 6
63 19
67 32
19 3
8 4
13 30
27 20
10 25
50 7
76 5
17 25
32 25
15 39
62 32
14 11
19 20
5 38
7 23
GO
000000000