t 125
71 30 74 30
68 15 77 15
59 29 59 34
35 10 38 10
15 0 15 4
22 23 22 31
45 37 45 42
0 2 9 2
7 36 12 36
51 8 51 14
22 4 22 13
48 30 48 34
23 33 23 36
61 16 65 16
33 25 33 28
53 14 59 14
3 18 10 18
59 6 63 6
46 33 46 38
27 4 32 4
58 24 58 32
1 13 1 19
14 28 14 37
8 39 14 39
69 38 69 41
50 13 55 13
79 20 84 20
18 8 18 16
28 12 28 18
70 0 70 6
58 37 58 43
2 13 9 13
76 12 76 19
17 34 17 41
4 5 9 5
26 14 26 21
7 18 7 21
68 39 74 39
15 22 15 26
15 12 19 12
9 26 9 35
54 10 58 10
54 20 57 20
53 25 57 25
6 1 6 7
54 28 56 28
42 2 42 7
71 13 76 13
17 25 17 32
51 27 57 27
28 5 28 11
13 36 16 36
0 29 2 29
16 26 16 29
73 10 78 10
78 19 86 19
55 15 55 19
48 21 54 21
68 24 68 29
36 18 43 18
16 14 23 14
8 4 17 4
71 24 71 29
32 19 37 19
61 11 61 17
6 1 6 9
15 22 15 29
26 5 34 5
5 0 10 0
24 15 31 15
66 26 66 31
26 2 35 2
61 15 63 15
19 32 19 38
38 11 45 11
15 37 15 43
26 22 26 30
24 24 24 26
49 15 49 19
35 29 42 29
48 26 53 26
48 8 57 8
33 14 33 16
22 4 26 4
6 3 11 3
8 11 8 17
0 28 0 37
79 39 83 39
36 22 36 24
2 10 2 15
41 26 47 26
72 17 79 17
67 14 73 14
22 13 29 13
5 31 8 31
0 11 0 15
44 1 51 1
64 37 64 41
3 36 3 41
64 29 73 29
12 7 21 7
17 24 17 31
52 9 58 9
79 26 79 34
8 25 14 25
32 3 32 11
21 16 28 16
63 15 63 19
21 36 26 36
51 22 55 22
19 0 19 4
52 20 52 25
19 34 19 38
72 3 81 3
1 38 1 43
41 34 48 34
14 31 23 31
10 33 10 39
19 8 19 13
44 37 44 41
39 24 42 24
49 12 49 21
30 19 30 25
41 39 49 39
72 23 79 23
b 200
11 13
24 3
62 13
22 22
19 25
37 12
26 31
9 10
16 8
56 30
33 11
45 36
2 19
57 18
40 39
74 31
45 7
76 33
76 35
49 34
27 3
10 23
45 6
44 25
54 34
55 33
78 35
24 38
73 18
67 20
50 32
60 13
16 19
55 38
67 13
29 32
52 32
56 23
66 36
72 36
67 26
77 14
23 15
64 13
23 11
22 3
46 17
6 20
73 21
78 25
5 16
35 8
40 14
71 13
24 37
78 37
44 27
45 32
21 9
6 20
71 17
6 24
47 16
78 36
3 19
27 27
50 27
51 20
17 20
23 20
9 38
63 25
64 15
7 27
28 24
52 19
44 2
46 8
35 5
38 33
3 35
68 10
50 14
42 31
55 23
31 8
44 29
31 13
72 38
54 38
34 20
12 35
50 20
70 32
9 6
40 3
39 30
16 3
48 37
48 38
79 5
5 27
27 30
5 38
65 25
9 11
37 28
64 6
41 32
64 36
18 19
21 37
56 12
49 11
41 21
37 3
23 15
13 3
14 8
65 9
71 38
52 19
49 22
37 31
25 9
69 7
35 26
71 13
59 21
47 33
76 2
71 13
44 31
22 17
57 4
16 22
57 30
69 18
47 30
44 24
40 9
35 35
21 2
24 20
36 20
11 11
47 3
5 8
76 30
50 20
20 38
57 22
27 28
16 10
32 15
24 34
38 32
12 3
20 30
41 30
4 19
65 20
18 19
72 9
77 12
60 36
39 14
5 19
62 19
11 13
39 33
70 24
64 9
52 29
36 17
20 20
33 33
47 5
70 19
23 6
15 35
37 17
68 37
13 38
36 32
49 36
24 3
43 21
41 6
66 25
10 20
5 30
69 13
59 9
66 39
48 19
71 17
51 7
43 20
67 34
GO
0000000