t 125
75 15 75 23
30 39 30 43
18 7 18 9
59 18 61 18
49 5 57 5
33 7 38 7
66 15 68 15
57 35 57 38
32 12 32 16
52 35 57 35
34 13 39 13
57 20 57 27
25 11 25 14
45 16 47 16
75 18 80 18
79 10 87 10
22 13 26 13
0 21 0 27
51 29 51 38
76 27 76 30
30 22 38 22
45 3 50 3
75 0 82 0
33 38 40 38
44 24 44 33
29 8 37 8
65 27 65 31
60 35 65 35
27 31 27 33
51 35 57 35
67 17 73 17
38 26 42 26
54 18 54 22
66 19 66 22
70 36 70 44
50 17 50 24
49 1 57 1
6 33 9 33
51 19 57 19
67 0 72 0
67 15 67 18
77 24 85 24
35 19 43 19
15 10 22 10
30 18 32 18
49 16 49 23
33 10 42 10
16 28 16 34
13 22 13 24
26 39 26 42
75 9 75 18
73 31 73 38
45 17 49 17
69 1 69 7
43 25 48 25
36 24 36 26
73 19 73 21
64 38 71 38
3 22 3 30
25 28 25 34
75 24 77 24
49 17 49 26
14 8 17 8
21 5 23 5
44 28 46 28
22 2 22 5
23 32 28 32
25 0 29 0
43 34 45 34
75 5 75 10
4 26 4 34
64 24 72 24
68 31 76 31
46 11 46 18
62 28 69 28
62 35 71 35
42 7 49 7
4 24 10 24
51 3 57 3
66 6 68 6
47 16 47 19
49 16 54 16
16 17 16 25
78 31 78 33
67 1 67 7
44 38 44 41
64 22 64 24
35 32 35 35
12 13 12 18
19 29 19 36
19 33 19 37
32 2 35 2
24 32 33 32
24 0 26 0
27 16 27 20
73 2 73 6
72 26 72 31
51 10 51 16
7 25 7 32
17 24 17 31
10 34 10 41
47 13 47 17
13 35 16 35
36 25 36 27
27 23 34 23
9 20 16 20
11 29 11 33
17 22 17 27
44 0 50 0
6 37 15 37
25 8 25 14
65 31 73 31
4 30 8 30
53 36 55 36
72 13 72 22
45 27 45 33
55 0 57 0
37 16 44 16
65 23 65 32
28 39 36 39
79 33 83 33
10 34 13 34
52 11 52 18
26 35 34 35
58 22 64 22
b 200
33 3
57 28
3 36
4 11
43 13
2 22
23 22
24 9
18 25
35 9
55 22
7 17
23 6
13 3
11 35
74 29
41 37
6 8
31 24
60 6
12 12
62 21
61 36
61 2
61 9
21 24
30 29
53 38
31 2
9 31
44 9
14 7
56 8
4 21
61 25
9 10
77 28
55 22
74 15
50 15
77 17
48 6
73 30
51 9
22 15
59 7
63 18
13 9
52 27
27 15
70 27
69 36
26 25
71 37
68 25
55 23
12 24
55 25
49 39
40 11
50 15
60 19
24 20
65 13
50 39
55 38
39 28
28 12
43 15
60 23
18 21
31 14
31 16
73 12
54 32
48 12
10 29
43 8
35 37
77 20
78 5
45 2
14 31
57 8
4 2
2 27
9 32
49 38
42 5
2 7
71 33
6 12
37 37
15 11
60 15
43 15
54 8
45 36
48 29
30 13
77 19
35 9
68 21
9 30
45 14
63 37
44 18
53 33
65 15
79 14
26 2
72 5
47 11
21 24
72 12
11 36
18 32
61 32
3 33
63 13
9 19
26 21
41 27
77 2
7 18
78 12
71 3
47 2
14 31
3 19
62 26
11 27
74 39
63 2
10 17
29 33
41 5
2 30
28 38
71 5
28 7
15 21
27 2
4 12
74 8
2 5
5 17
15 30
59 15
17 17
13 13
45 22
5 15
54 31
42 28
24 23
58 34
30 2
3 8
63 20
25 19
62 19
64 16
34 16
65 15
58 26
33 15
30 6
49 38
19 6
23 18
24 33
31 17
22 32
58 31
5 39
14 32
25 20
79 36
79 2
75 36
15 33
18 28
39 29
41 4
10 10
55 6
55 23
20 13
32 19
12 9
39 36
63 21
6 15
43 23
42 28
5 10
69 33
72 2
59 26
GO
000000000