t 125
0 25 9 25
10 39 13 39
14 3 20 3
61 38 64 38
66 38 74 38
44 9 44 14
44 22 44 27
6 38 13 38
7 36 7 44
29 27 31 27
25 39 25 42
37 13 37 16
26 1 29 1
42 32 42 37
47 1 47 3
22 34 24 34
70 38 72 38
69 19 71 19
35 26 35 35
45 34 45 40
77 38 80 38
10 21 10 28
62 21 62 28
59 17 61 17
12 8 12 12
30 10 35 10
13 16 19 16
63 27 65 27
43 15 49 15
56 23 58 23
50 15 53 15
25 5 25 8
37 5 45 5
20 16 29 16
13 29 18 29
77 28 83 28
74 30 74 33
66 33 66 40
18 34 18 36
15 1 15 9
47 32 54 32
41 4 41 10
66 6 72 6
0 19 0 21
33 15 33 21
34 0 39 0
0 2 0 8
22 12 22 20
56 7 60 7
72 38 72 41
49 32 49 38
74 37 82 37
54 26 56 26
9 12 9 17
70 0 70 5
37 17 37 26
63 13 69 13
26 3 26 7
22 32 25 32
77 2 81 2
4 2 4 8
9 37 9 43
36 13 36 18
53 29 58 29
26 39 32 39
78 8 82 8
16 0 16 8
39 22 48 22
40 39 45 39
45 33 45 37
64 22 64 30
59 16 62 16
67 1 74 1
5 35 5 37
26 34 32 34
26 18 28 18
66 19 66 23
67 0 72 0
40 24 49 24
54 29 54 38
57 20 57 27
73 28 73 36
52 17 52 24
36 17 43 17
54 4 63 4
3 8 3 12
46 10 50 10
31 26 33 26
26 7 32 7
56 21 65 21
68 5 76 5
28 9 35 9
38 36 44 36
24 3 24 6
51 7 58 7
57 23 57 26
15 14 23 14
78 20 80 20
4 13 4 22
79 36 79 43
76 3 84 3
51 23 51 27
52 16 54 16
12 0 12 2
36 11 38 11
70 35 73 35
55 4 55 8
79 3 87 3
66 17 75 17
50 24 50 27
48 32 48 37
12 38 12 44
32 5 37 5
39 34 47 34
64 11 64 13
59 12 59 18
3 16 3 21
53 9 61 9
14 4 21 4
17 0 19 0
79 1 79 6
35 25 37 25
67 39 67 47
37 6 37 11
66 38 71 38
b 200
52 37
9 22
25 9
78 14
44 17
39 26
53 11
25 34
71 18
43 2
61 12
68 20
76 18
68 34
40 31
49 19
4 9
21 5
48 5
68 16
60 38
64 17
47 16
23 17
79 25
48 38
17 33
55 23
58 3
73 39
54 20
69 20
52 33
64 37
74 10
67 2
51 3
75 29
38 9
69 18
69 8
32 29
27 32
13 19
58 5
20 27
47 16
21 36
7 21
75 18
46 29
12 23
40 21
75 8
2 4
9 21
3 14
2 7
5 33
62 31
11 21
53 34
21 20
10 13
51 19
76 21
22 26
58 3
74 7
34 15
53 21
26 24
76 25
50 38
11 21
37 4
9 2
49 19
15 35
75 18
11 13
10 7
59 2
78 22
40 2
64 14
58 8
79 11
59 22
29 8
31 3
72 34
75 10
72 10
74 23
56 34
55 20
58 38
79 23
6 34
39 26
38 27
50 23
4 33
13 18
60 25
34 30
43 12
50 8
73 20
62 6
16 32
68 20
77 17
31 16
28 10
18 23
52 38
54 2
26 11
57 36
25 37
22 21
66 15
7 30
8 27
32 4
76 32
46 2
38 8
34 14
27 19
46 8
55 17
6 31
68 27
32 22
64 33
42 25
9 27
59 36
70 22
36 9
64 4
60 37
19 29
49 5
40 25
40 13
43 25
50 22
78 17
68 32
36 27
78 25
48 9
23 2
62 13
8 39
59 33
72 15
37 39
38 8
38 23
78 36
13 18
25 27
66 2
70 11
41 21
74 36
6 24
40 20
3 33
51 22
26 11
61 28
5 12
39 13
69 30
32 15
8 36
47 16
28 6
29 28
78 16
62 3
73 25
33 7
73 23
16 33
28 14
66 8
23 39
56 20
75 15
70 15
5 20
13 34
11 28
GO
003