t 125
0 31 0 33
78 2 78 10
29 7 29 10
0 23 8 23
79 19 83 19
45 27 45 29
9 5 15 5
48 3 56 3
64 26 64 30
24 36 24 40
50 19 53 19
29 34 32 34
57 32 62 32
6 8 6 14
15 7 19 7
48 19 48 27
17 24 26 24
69 38 75 38
5 35 5 38
60 17 60 21
62 39 71 39
60 6 60 15
5 31 5 33
43 19 43 26
7 24 14 24
14 8 14 11
42 19 44 19
59 35 68 35
61 12 70 12
42 9 42 15
14 27 17 27
45 15 49 15
6 28 6 30
60 23 60 29
14 24 19 24
70 23 78 23
50 12 57 12
74 1 74 8
78 15 78 17
57 12 66 12
27 25 27 29
19 7 19 14
79 13 85 13
17 9 17 17
41 15 46 15
8 8 12 8
72 28 72 34
24 7 24 11
19 25 23 25
70 16 70 21
31 32 31 34
27 12 32 12
79 0 79 3
49 33 54 33
31 10 31 16
44 25 49 25
13 37 22 37
6 27 10 27
27 5 34 5
41 13 41 15
56 12 60 12
54 30 61 30
9 0 9 3
75 34 75 38
21 22 21 28
74 4 74 9
70 14 70 20
34 19 39 19
9 20 11 20
27 37 27 43
20 31 20 37
55 1 55 10
65 36 65 42
30 23 30 30
36 21 44 21
24 9 24 13
55 38 58 38
17 28 17 32
47 10 47 12
65 39 65 43
73 9 77 9
3 27 10 27
12 7 17 7
17 14 21 14
15 29 15 31
41 20 44 20
16 4 21 4
23 1 23 4
52 38 60 38
34 35 41 35
56 20 56 26
72 13 72 18
0 5 5 5
34 36 34 44
24 34 28 34
31 35 31 39
29 26 38 26
77 26 77 28
26 2 26 9
19 30 25 30
39 39 43 39
75 21 75 27
67 0 74 0
16 32 16 36
68 14 68 19
26 9 30 9
29 4 29 9
5 20 11 20
26 1 26 4
26 22 26 28
37 1 37 4
18 24 20 24
68 10 68 13
32 4 32 8
22 38 27 38
3 14 3 21
35 6 35 14
65 6 65 9
52 10 57 10
13 16 13 25
65 4 73 4
13 28 17 28
72 6 72 14
79 22 79 25
40 38 40 47
b 200
23 10
67 9
21 6
35 22
27 10
45 4
24 19
57 4
44 24
54 14
53 9
33 23
48 7
43 28
59 22
67 23
65 26
50 36
59 11
25 3
23 19
6 7
71 35
74 25
18 34
50 8
32 31
2 29
58 20
47 18
77 33
34 20
56 19
75 10
54 2
46 33
54 21
12 15
55 16
72 3
27 14
24 35
54 9
69 31
67 3
66 8
51 8
53 31
66 18
22 3
65 15
7 6
50 32
68 3
10 36
31 7
48 5
23 10
16 39
68 26
59 36
38 32
14 18
61 39
10 18
46 21
9 36
54 20
52 36
79 30
15 34
6 5
11 30
48 28
2 18
74 26
19 29
33 4
4 18
5 6
34 20
58 35
5 26
63 2
12 38
22 19
43 3
33 36
46 32
58 13
62 26
62 21
2 15
44 34
3 25
34 28
4 35
61 10
41 7
68 26
10 17
11 7
22 5
59 27
45 26
54 6
27 2
44 28
42 30
21 21
14 18
21 6
10 33
15 11
48 10
19 21
67 13
23 26
46 32
78 21
36 14
33 8
6 18
79 26
41 9
61 21
7 21
9 14
66 8
23 14
38 32
8 3
45 20
74 11
65 5
5 30
36 3
54 16
31 27
66 23
16 8
76 3
33 33
56 34
67 8
29 3
67 20
4 13
44 10
74 24
63 15
8 5
55 28
40 37
70 37
15 8
61 13
67 22
24 35
36 16
30 11
62 20
30 33
34 13
25 16
47 30
11 23
26 32
50 37
74 32
20 3
10 14
59 5
23 29
15 32
31 23
76 29
29 15
35 36
73 25
66 10
12 22
34 21
73 27
49 9
6 7
58 15
42 27
22 7
47 28
27 4
70 8
70 30
62 4
3 33
22 34
20 26
3 28
33 37
61 39
GO
00222