t 125
19 2 19 7
46 27 46 30
9 22 17 22
35 31 35 36
3 8 7 8
69 23 74 23
17 9 17 12
70 31 78 31
52 6 52 12
57 19 57 21
51 30 51 33
73 11 73 16
78 32 81 32
62 15 62 18
18 3 26 3
15 20 20 20
48 10 55 10
71 26 71 32
70 8 70 16
48 10 48 17
64 22 64 29
0 37 9 37
44 29 47 29
24 8 24 10
60 37 62 37
33 23 37 23
65 16 71 16
77 2 80 2
48 1 48 7
63 3 63 5
19 15 19 18
54 19 62 19
48 18 52 18
76 3 76 12
31 35 31 38
77 35 86 35
37 21 37 23
30 4 36 4
67 7 76 7
11 2 11 4
6 2 6 10
66 32 72 32
6 0 8 0
2 21 7 21
56 29 64 29
13 30 22 30
24 7 29 7
67 38 76 38
52 15 60 15
79 39 79 48
12 20 20 20
28 8 30 8
38 39 38 46
25 30 33 30
60 17 60 22
15 0 19 0
31 39 31 44
8 23 8 31
73 17 77 17
38 15 38 21
3 26 12 26
39 5 48 5
44 18 50 18
23 29 23 35
11 39 11 44
61 19 61 24
61 16 69 16
19 12 21 12
26 6 26 13
45 26 45 30
20 28 24 28
2 21 2 28
5 29 5 32
22 37 25 37
65 36 68 36
11 28 11 31
78 35 86 35
7 21 9 21
70 24 77 24
10 23 14 23
35 31 35 37
23 29 23 31
56 36 56 43
27 6 27 10
11 16 17 16
21 35 21 39
71 12 71 18
38 25 38 34
59 27 59 30
72 35 74 35
60 15 60 23
61 28 61 32
2 32 2 36
12 20 12 22
25 2 25 9
0 22 0 29
61 28 68 28
25 8 30 8
74 1 74 3
13 10 16 10
36 29 36 34
33 34 40 34
41 4 44 4
31 24 34 24
68 27 71 27
23 24 23 27
34 22 41 22
38 33 40 33
4 31 4 40
65 39 65 46
10 26 12 26
12 24 12 30
8 20 15 20
4 26 4 35
54 20 54 23
50 33 50 36
3 24 8 24
45 21 51 21
10 38 18 38
39 38 43 38
31 10 38 10
61 8 61 12
75 28 75 32
18 14 18 21
0 5 5 5
b 200
39 11
67 15
56 35
67 22
37 13
66 27
61 14
47 2
65 18
30 36
33 13
14 19
18 37
71 3
58 11
58 22
48 38
17 26
60 25
79 10
78 11
79 5
57 26
62 8
62 3
27 25
49 38
17 36
22 6
19 26
9 4
47 31
63 11
78 13
55 38
5 4
11 35
52 36
8 14
60 4
71 21
74 25
49 4
56 10
18 12
12 34
54 37
45 20
28 35
37 4
14 15
55 12
44 33
30 10
3 33
32 37
38 2
43 8
78 36
51 16
26 15
53 18
54 25
34 18
14 5
46 36
76 14
56 35
34 35
11 24
28 9
47 17
43 7
56 25
64 39
17 18
20 11
77 5
58 27
57 4
59 18
46 36
72 26
40 24
39 21
3 4
20 11
29 27
17 23
3 15
62 9
12 33
10 16
61 33
58 14
24 24
76 2
11 35
58 31
49 8
14 18
37 19
66 4
4 13
49 19
73 19
2 13
20 23
65 24
58 13
19 32
37 14
14 35
30 2
73 39
73 37
2 30
17 2
73 30
61 4
47 22
42 8
34 38
33 21
67 39
45 3
49 28
34 12
42 9
30 14
39 17
70 28
9 14
17 33
9 19
43 2
23 7
30 32
67 2
65 23
66 34
4 17
53 7
39 35
30 34
60 24
63 32
25 24
73 4
6 22
13 18
46 16
30 38
2 6
12 9
43 25
73 10
22 5
32 5
11 6
52 27
64 31
36 18
7 17
68 21
47 32
61 13
24 24
40 27
4 25
9 25
45 37
44 14
24 32
55 17
24 16
30 25
14 29
23 19
13 31
66 21
15 13
37 19
54 5
68 8
34 36
55 28
20 21
69 24
4 9
53 20
22 14
35 20
48 25
12 33
58 13
66 26
75 14
4 9
44 26
GO
000000000