t 75
31 8 33 8
19 0 19 7
37 28 39 28
66 25 68 25
46 19 53 19
69 36 69 42
48 22 51 22
53 25 55 25
7 8 7 10
66 27 68 27
3 5 5 5
74 5 77 5
37 24 39 24
35 1 35 5
72 14 74 14
44 29 47 29
28 11 28 16
79 39 81 39
9 28 9 30
39 18 39 24
54 11 57 11
14 17 16 17
46 25 46 27
14 5 18 5
53 6 55 6
69 4 73 4
29 3 32 3
59 18 59 21
67 0 67 4
61 21 67 21
20 37 24 37
16 22 16 26
39 18 48 18
21 15 28 15
56 29 56 34
18 18 18 24
78 17 78 21
55 37 58 37
20 4 20 9
24 26 29 26
30 33 30 42
72 28 76 28
64 9 73 9
64 12 64 14
15 30 23 30
15 14 15 18
39 30 39 37
48 20 48 26
33 3 33 9
6 38 6 42
34 19 34 21
75 21 75 30
62 18 62 26
17 19 19 19
10 6 14 6
44 11 44 16
50 4 50 8
1 0 5 0
71 25 71 33
6 23 11 23
15 36 17 36
23 12 23 19
78 35 82 35
42 14 44 14
52 13 52 16
79 9 79 17
47 33 47 41
46 18 53 18
43 38 43 46
5 6 11 6
15 24 23 24
68 4 68 12
41 3 44 3
20 22 23 22
18 18 22 18
b 200
50 34
40 39
34 5
35 15
70 29
54 30
4 18
27 12
11 4
77 36
39 39
28 18
77 9
53 9
68 26
70 16
51 27
56 9
53 4
48 28
67 24
65 11
25 7
24 17
57 29
56 2
55 19
24 31
76 29
24 8
33 22
78 4
60 23
13 17
12 12
28 22
28 23
29 39
45 9
40 25
62 4
7 32
36 8
43 26
79 36
8 14
51 10
61 26
8 27
33 23
5 21
70 11
10 34
24 33
51 14
9 25
19 25
45 24
2 32
20 2
24 16
34 31
74 39
27 31
20 38
59 3
29 30
29 19
47 7
43 33
59 24
61 35
32 20
11 37
72 15
34 12
28 22
54 17
48 27
6 12
4 2
7 33
5 16
32 38
77 30
50 27
27 8
74 6
76 8
60 24
26 39
34 18
64 11
29 11
37 9
26 27
6 10
49 36
51 15
42 32
9 37
13 37
47 30
22 16
27 38
5 38
16 2
51 25
52 29
62 8
55 4
34 28
6 21
16 29
51 2
15 8
9 18
53 13
15 33
64 39
43 29
58 26
12 39
59 24
22 23
2 8
33 23
8 12
55 31
3 35
41 28
57 22
19 17
4 3
49 31
74 25
43 16
5 26
76 16
17 12
27 24
61 34
74 16
48 34
56 38
6 21
34 8
56 2
61 30
7 19
34 16
60 13
6 5
59 17
26 22
7 7
50 21
75 37
66 20
54 22
50 3
33 27
14 23
41 2
44 39
52 35
9 22
33 18
24 23
73 3
30 9
58 39
7 22
37 25
19 20
3 8
29 31
68 15
71 36
20 32
56 14
19 12
50 23
68 16
79 2
61 33
63 38
55 32
60 21
68 29
4 4
78 36
20 25
61 4
37 15
9 25
76 30
77 11
59 14
63 4
GO
000003333