t 125
58 19 58 28
10 0 15 0
17 11 17 18
79 23 86 23
41 18 46 18
70 14 78 14
64 22 71 22
16 21 16 24
17 3 17 5
12 26 12 30
16 1 16 6
41 23 41 30
8 29 17 29
64 10 67 10
39 23 39 26
41 37 47 37
23 6 23 9
41 35 41 44
34 9 42 9
48 21 48 25
76 13 76 21
27 0 32 0
67 35 72 35
11 19 18 19
56 36 63 36
43 25 43 27
49 12 49 14
27 17 33 17
23 1 23 9
16 17 22 17
79 5 79 13
34 20 37 20
2 3 11 3
52 12 59 12
10 2 18 2
55 18 55 27
41 25 44 25
72 15 75 15
26 22 26 29
35 25 35 34
26 3 26 11
62 27 70 27
76 32 81 32
35 35 42 35
36 31 36 37
13 26 22 26
2 31 2 37
31 8 31 16
1 0 1 8
11 10 15 10
1 24 9 24
44 2 44 10
44 16 44 22
23 27 32 27
9 10 16 10
19 4 19 7
78 29 85 29
15 1 15 10
32 6 32 11
0 16 0 18
5 21 5 25
52 38 54 38
40 34 49 34
41 9 41 17
4 18 9 18
30 15 30 19
0 26 9 26
28 29 34 29
37 33 37 39
37 30 37 38
72 22 72 29
15 36 18 36
73 28 80 28
72 27 74 27
72 0 80 0
41 1 49 1
66 24 66 32
33 31 35 31
19 19 19 25
51 19 54 19
4 25 9 25
35 0 35 5
19 3 28 3
56 32 58 32
77 12 79 12
60 3 64 3
26 20 26 23
54 39 54 45
5 32 5 39
26 11 32 11
24 13 26 13
65 15 65 21
62 21 71 21
56 13 56 21
0 22 2 22
8 7 8 9
64 3 64 10
22 18 29 18
17 38 23 38
70 12 77 12
37 29 45 29
46 26 46 35
53 37 53 39
63 27 63 32
76 17 82 17
11 7 11 11
20 23 27 23
76 14 76 20
76 2 76 4
29 31 29 38
33 22 39 22
34 11 42 11
24 20 33 20
49 18 55 18
43 25 52 25
28 9 28 12
24 39 24 48
25 15 25 19
38 13 38 20
32 15 32 22
12 14 15 14
29 11 32 11
20 39 20 46
71 29 71 37
21 31 24 31
b 200
8 32
63 34
70 33
59 24
79 15
72 6
29 5
40 30
61 8
9 16
60 18
66 12
76 11
58 37
33 26
39 28
7 19
22 20
8 16
22 34
28 31
58 39
77 21
43 2
55 38
14 35
32 33
23 19
53 22
19 12
59 11
49 3
30 35
53 28
66 23
17 27
61 28
26 16
3 39
9 39
32 23
23 13
78 37
27 8
17 33
26 17
19 14
79 39
2 13
72 5
29 10
14 5
43 3
77 5
11 6
13 24
51 6
73 19
40 27
20 16
63 26
68 20
51 38
23 36
47 23
2 9
13 18
32 36
24 37
42 13
57 38
11 35
39 10
51 12
8 31
56 37
34 10
7 8
46 8
19 34
40 22
50 29
30 5
48 14
77 18
43 3
48 31
53 32
25 37
33 39
46 4
24 11
34 23
4 5
15 35
9 8
68 15
45 9
22 39
66 15
21 2
22 34
10 14
48 4
74 19
62 15
20 32
62 19
50 28
75 7
42 24
78 4
3 37
66 13
72 2
26 19
58 34
40 12
47 30
25 31
41 8
7 38
71 28
4 28
24 7
11 33
4 4
40 36
39 2
62 19
37 7
68 28
18 14
43 21
60 13
69 26
48 12
78 24
79 38
70 7
58 13
11 31
62 7
57 30
14 3
47 38
3 18
49 22
74 35
62 20
9 27
46 23
65 38
63 37
34 18
3 18
14 38
76 38
18 21
44 33
53 8
53 10
50 21
4 5
5 29
76 35
56 11
73 22
73 4
26 14
11 32
39 10
8 2
31 25
58 14
25 26
66 36
70 3
28 2
52 23
63 14
25 5
35 13
79 4
64 13
13 3
21 20
47 10
57 38
7 7
15 24
28 23
9 22
8 17
78 9
30 8
77 20
65 32
28 23
64 32
GO
000000333