t 100
44 28 44 32
10 37 19 37
57 17 57 24
46 1 46 7
18 26 18 35
11 20 16 20
20 5 22 5
21 7 21 16
39 2 42 2
62 30 62 36
61 6 66 6
22 19 28 19
40 2 47 2
75 33 82 33
45 32 45 41
67 31 73 31
48 10 51 10
13 28 22 28
61 17 61 21
52 38 59 38
37 25 44 25
42 34 42 40
58 3 61 3
73 30 73 39
76 38 76 43
76 11 80 11
77 23 80 23
56 14 56 22
52 10 59 10
27 10 29 10
59 9 63 9
69 10 71 10
24 36 32 36
4 27 6 27
57 3 61 3
42 19 42 28
49 21 49 27
59 38 59 40
10 9 19 9
0 14 0 21
76 26 76 32
21 4 25 4
43 21 43 25
35 13 37 13
1 15 1 24
73 21 73 30
60 9 63 9
41 30 44 30
79 15 79 21
47 26 47 32
9 27 14 27
75 39 75 41
55 29 55 37
22 26 26 26
50 8 50 12
39 9 41 9
21 19 21 24
68 38 68 44
13 19 13 22
20 23 20 31
52 22 57 22
77 10 79 10
25 2 25 10
78 13 78 16
67 39 67 44
60 38 68 38
25 2 25 6
10 38 19 38
35 36 41 36
38 39 43 39
77 8 77 13
29 32 29 39
57 13 65 13
15 18 19 18
47 34 47 38
48 37 48 45
20 20 29 20
23 20 26 20
67 33 67 38
19 39 28 39
54 11 58 11
41 29 48 29
54 9 54 16
23 25 23 28
40 32 40 36
8 30 17 30
3 35 7 35
32 33 35 33
71 5 71 12
5 31 5 35
3 30 3 35
31 28 34 28
22 11 27 11
10 37 10 42
47 4 47 12
45 1 45 5
12 1 12 7
75 9 75 15
19 30 21 30
49 26 54 26
b 200
66 28
78 27
25 31
2 22
66 27
5 20
32 16
69 15
11 23
33 16
79 25
51 21
4 3
52 35
9 32
30 2
22 21
57 31
8 31
49 6
67 7
63 11
5 10
35 2
66 36
19 19
22 34
44 26
38 31
31 27
30 11
7 32
77 6
40 28
71 34
28 18
36 39
51 21
31 5
53 35
72 25
17 33
58 6
79 22
25 21
28 30
31 8
54 2
38 38
27 16
66 26
8 33
15 3
37 16
68 14
63 37
49 7
70 9
77 32
12 12
58 15
51 39
53 23
10 4
41 11
61 25
52 14
26 7
31 9
37 17
38 4
18 17
33 7
8 7
77 18
49 38
56 8
11 31
55 28
14 32
78 28
69 34
46 31
30 10
63 2
74 20
8 21
65 19
53 3
65 24
66 9
10 15
20 3
42 16
25 29
58 31
70 18
62 22
17 20
62 5
37 8
69 23
74 8
9 3
12 28
11 13
70 15
42 12
35 28
58 32
78 38
78 20
43 9
46 9
6 24
79 34
54 6
29 27
35 26
68 10
14 2
30 26
63 5
57 27
37 33
50 20
65 18
42 9
69 23
36 31
52 18
5 16
70 21
75 19
8 32
44 35
38 38
12 36
14 17
4 39
56 7
74 16
21 2
72 12
27 23
64 21
44 12
58 18
32 5
72 6
30 15
38 19
71 26
36 8
34 20
74 16
17 11
31 20
75 38
3 14
15 3
36 15
77 31
28 17
67 26
61 28
37 8
69 35
15 26
72 24
67 29
66 14
5 38
41 37
37 11
78 8
36 3
44 35
10 11
8 6
25 24
12 13
8 3
13 4
75 29
42 18
66 10
46 12
3 20
7 12
79 29
6 22
40 16
58 2
62 22
16 39
18 3
44 35
4 4
36 4
GO
0003333333333t 100
62 8 62 14
62 6 66 6
4 8 4 10
46 8 46 14
24 6 30 6
31 5 31 10
76 36 85 36
56 33 59 33
21 10 21 14
64 16 72 16
19 29 19 35
23 10 30 10
56 16 56 22
21 3 21 10
24 8 31 8
6 8 6 10
64 32 64 35
18 26 18 30
79 27 79 34
39 24 46 24
77 27 85 27
76 20 83 20
13 12 19 12
37 23 40 23
2 21 10 21
74 16 74 25
31 8 31 16
31 25 34 25
1 20 5 20
25 19 25 25
67 18 67 24
55 7 55 15
0 10 0 13
32 20 37 20
74 7 79 7
0 22 0 28
54 6 54 11
35 7 37 7
0 36 0 38
26 10 26 17
47 32 47 38
77 10 77 18
20 25 23 25
44 19 44 25
14 5 19 5
76 15 78 15
52 9 52 17
35 31 35 37
77 17 77 22
45 27 53 27
18 36 23 36
79 34 79 36
56 5 56 10
29 29 38 29
45 15 45 21
29 21 37 21
33 5 33 14
9 33 9 38
15 32 22 32
6 8 6 10
31 27 37 27
69 18 73 18
65 32 70 32
63 30 68 30
16 3 16 6
16 33 25 33
34 38 34 47
17 16 23 16
69 26 69 32
77 8 77 11
51 38 54 38
9 34 17 34
73 27 73 33
50 2 50 5
55 5 55 13
47 1 47 7
33 34 40 34
41 2 50 2
22 5 22 10
0 15 0 18
78 33 85 33
32 26 38 26
52 32 57 32
17 3 21 3
25 37 28 37
32 17 32 26
45 5 45 14
58 25 58 34
27 1 34 1
26 30 29 30
32 35 34 35
65 37 65 41
45 3 51 3
50 15 52 15
21 5 24 5
77 3 77 11
50 38 52 38
70 9 77 9
3 9 7 9
14 16 16 16
b 200
14 31
14 29
23 20
14 27
44 12
7 36
15 6
10 3
2 6
49 26
13 26
49 9
78 6
18 35
28 39
12 30
32 38
12 16
78 14
4 35
21 39
63 7
36 9
58 13
75 35
77 39
53 9
59 27
3 32
23 28
6 13
25 9
6 14
55 37
60 29
34 28
19 19
67 29
11 18
24 39
10 35
61 39
57 27
19 28
9 27
74 28
39 12
65 4
8 32
65 23
12 5
13 33
66 37
51 8
9 32
70 24
71 27
70 39
71 36
34 16
63 13
30 33
14 30
58 22
14 21
50 35
62 4
37 18
8 2
6 25
25 39
74 33
5 19
40 10
24 12
38 28
74 3
66 11
35 28
38 39
34 15
44 7
52 4
68 2
64 10
60 26
48 12
43 35
8 16
29 14
24 7
78 4
10 37
41 35
41 32
65 25
13 21
67 33
75 39
32 10
43 34
61 14
12 17
64 5
29 15
31 36
12 27
14 4
76 22
32 39
7 34
76 12
54 24
29 31
43 38
10 18
14 32
11 32
43 33
79 4
39 27
19 13
54 27
48 31
41 8
72 5
18 19
66 21
5 26
34 5
6 13
65 17
61 39
39 17
59 6
41 32
14 9
53 10
5 11
28 26
76 2
76 16
51 5
60 25
41 3
34 36
11 3
44 13
72 10
54 14
59 30
40 19
39 33
53 29
55 27
27 28
76 23
71 12
15 20
64 9
24 2
62 24
24 31
57 26
41 15
5 38
3 18
35 8
24 13
21 39
59 13
41 7
4 19
70 7
22 39
55 28
28 12
66 36
7 10
5 33
44 16
57 25
52 18
73 25
16 19
8 25
13 31
5 10
12 18
76 18
43 23
25 38
52 5
11 11
75 24
76 34
74 30
27 27
22 38
59 36
GO
00000000000t 100
38 33 41 33
64 26 66 26
16 27 16 31
45 19 45 21
27 12 27 21
11 30 11 38
28 32 33 32
67 32 76 32
32 30 40 30
60 19 60 26
17 12 17 19
68 16 68 25
78 35 81 35
55 21 61 21
26 2 26 10
34 27 34 32
37 36 45 36
42 36 47 36
47 20 47 27
8 25 8 29
33 20 39 20
7 20 9 20
65 33 65 39
35 26 40 26
22 14 28 14
64 26 64 31
74 36 76 36
77 8 86 8
36 18 43 18
31 35 37 35
78 11 86 11
19 20 19 27
43 6 45 6
47 26 52 26
58 37 64 37
8 38 16 38
38 19 44 19
59 13 59 21
22 23 22 26
22 34 22 36
78 22 85 22
38 26 38 28
24 19 24 28
61 33 64 33
79 35 79 41
26 15 26 24
31 29 31 35
21 14 21 23
66 6 66 12
0 8 0 16
26 21 31 21
77 31 81 31
2 14 8 14
57 14 57 22
7 15 7 23
69 35 69 40
55 29 58 29
66 30 75 30
28 14 31 14
59 5 62 5
18 8 18 12
11 37 20 37
65 24 74 24
18 2 25 2
28 26 34 26
63 37 66 37
28 28 33 28
17 11 19 11
16 1 19 1
70 17 70 20
3 37 5 37
39 39 39 45
52 10 55 10
12 19 12 27
37 35 46 35
31 20 31 24
38 11 38 20
33 25 35 25
31 32 40 32
7 19 14 19
54 24 54 32
24 16 24 24
72 34 72 38
12 38 16 38
55 39 55 44
6 4 11 4
37 26 46 26
62 37 62 42
49 10 51 10
51 26 51 28
8 29 8 35
11 31 11 37
6 1 10 1
62 26 62 35
54 20 60 20
17 1 26 1
11 30 11 35
36 19 36 23
12 23 12 29
37 36 46 36
b 200
77 37
17 30
52 15
36 10
60 6
49 19
27 9
40 31
67 10
41 3
40 15
58 23
63 17
73 34
2 11
15 12
15 17
39 17
12 12
31 6
3 39
61 36
24 8
50 32
68 3
37 34
56 22
30 19
27 35
48 29
13 36
8 13
9 14
28 25
24 12
44 16
56 25
11 11
59 38
44 13
67 18
61 26
65 22
21 32
56 10
29 23
49 30
61 10
76 37
25 12
4 15
23 15
13 16
61 7
18 34
30 16
52 38
70 22
6 39
75 9
67 20
24 4
2 34
52 39
44 7
71 21
64 21
66 21
11 14
68 6
9 36
48 22
14 21
49 12
20 33
31 27
71 3
46 20
40 21
40 16
41 9
27 25
79 2
47 14
39 31
13 6
57 2
44 13
31 8
16 25
53 39
75 37
27 8
34 13
49 12
36 15
13 4
17 10
51 34
14 33
8 5
46 8
69 7
41 14
3 27
20 26
47 2
23 12
3 19
54 21
19 35
65 23
22 3
71 25
43 29
17 34
65 20
32 7
45 18
27 27
33 2
70 37
60 27
58 31
14 6
15 36
43 21
5 8
55 15
8 7
9 30
67 13
13 14
5 19
19 9
26 31
7 13
67 19
24 30
73 5
5 24
46 8
51 12
49 13
19 10
11 17
67 16
30 29
5 16
27 28
78 14
9 9
14 31
59 29
75 31
53 9
55 36
55 28
7 2
22 8
50 25
20 3
16 2
67 29
44 2
21 37
30 10
39 37
24 15
41 8
52 13
18 27
25 36
14 33
63 39
22 6
22 17
5 2
48 6
74 10
75 39
48 5
27 25
9 26
54 16
13 35
11 11
67 29
79 30
25 17
47 8
15 11
75 27
56 7
76 34
7 34
6 25
66 25
31 13
75 10
GO
0000022