f
b 200
9 26
36 28
38 32
49 17
31 15
5 39
29 17
9 13
45 5
39 22
61 22
38 2
5 17
56 18
19 30
6 30
49 6
53 36
13 26
46 23
12 13
49 25
15 14
14 35
65 11
5 30
43 38
29 20
28 33
60 16
53 19
55 35
57 29
60 6
76 27
15 5
3 30
73 19
39 19
37 19
66 23
34 7
12 12
62 11
19 15
27 38
56 38
24 19
67 20
28 24
37 11
10 29
45 6
22 35
7 28
12 17
42 24
20 26
12 37
6 3
79 35
7 31
28 17
23 36
75 25
32 23
50 31
76 14
60 15
70 33
72 14
3 7
22 18
53 8
23 11
78 36
40 16
17 8
6 14
50 16
20 26
19 9
45 3
33 10
50 17
17 15
38 35
59 19
73 8
20 7
10 21
38 33
75 28
23 24
48 39
33 26
73 39
67 31
63 26
21 10
76 35
39 30
46 12
32 17
74 19
76 22
56 27
29 33
41 3
73 11
68 4
12 39
33 6
34 27
11 8
67 15
39 20
2 35
37 15
72 9
43 10
33 38
73 11
13 4
43 9
26 15
75 31
23 32
24 9
25 24
27 16
7 12
59 23
8 30
13 8
38 6
25 18
60 33
15 31
47 19
65 7
11 37
27 22
38 14
39 20
16 23
49 31
29 20
48 38
40 19
27 31
18 30
7 15
7 11
4 23
51 8
60 28
35 21
5 12
21 32
45 18
6 36
20 10
78 19
33 34
79 17
33 23
39 35
65 14
41 19
40 27
4 21
40 14
21 8
26 3
53 18
56 10
59 23
68 32
45 18
25 38
48 17
65 2
19 35
19 35
8 19
44 39
59 24
46 15
60 26
60 6
28 32
31 18
14 32
63 27
50 31
63 2
26 34
16 14
47 39
GO
00002222