t 125
38 28 40 28
14 13 14 21
58 35 61 35
36 33 36 42
37 15 42 15
42 7 50 7
43 16 43 20
26 39 26 45
51 13 55 13
36 23 36 26
69 2 75 2
17 14 17 22
11 3 11 7
33 1 33 6
66 4 66 6
11 21 11 29
29 37 29 43
4 22 4 25
62 2 62 7
38 33 47 33
19 16 19 22
14 13 14 16
20 7 20 12
56 15 64 15
18 16 25 16
58 6 58 11
61 9 65 9
23 14 25 14
37 20 37 25
70 30 70 33
3 30 10 30
62 29 71 29
63 31 69 31
17 27 24 27
12 37 16 37
47 24 47 33
36 13 36 15
3 36 3 44
27 39 34 39
69 26 69 31
67 0 74 0
32 35 39 35
61 37 61 42
0 37 4 37
1 10 1 19
41 27 48 27
17 37 24 37
18 17 22 17
38 28 43 28
5 27 8 27
66 38 66 42
37 27 37 29
24 17 27 17
54 0 54 3
67 13 67 19
9 38 9 42
15 27 15 32
71 31 79 31
58 30 61 30
14 1 14 4
36 39 36 46
25 39 25 41
0 39 0 42
48 9 51 9
39 4 39 11
27 35 30 35
56 23 56 28
12 30 17 30
11 0 13 0
69 38 73 38
26 8 28 8
28 18 37 18
11 17 17 17
73 32 73 36
69 19 74 19
64 9 64 12
53 4 53 12
6 9 6 16
24 13 24 21
62 4 67 4
28 20 31 20
74 32 79 32
36 19 36 23
71 36 75 36
8 36 8 38
44 4 44 11
46 1 48 1
75 25 79 25
66 3 66 6
45 13 45 18
26 18 26 26
66 39 75 39
7 25 7 32
76 12 76 16
52 34 56 34
73 1 73 9
25 24 27 24
11 33 18 33
52 38 52 47
7 27 7 32
47 18 47 21
46 6 46 13
52 27 52 34
44 20 52 20
38 5 38 10
14 0 19 0
42 17 42 24
45 27 45 33
34 18 38 18
26 36 30 36
58 7 61 7
37 0 41 0
56 11 56 15
60 35 64 35
0 19 0 21
21 11 21 15
72 19 76 19
45 8 49 8
21 8 21 11
9 36 9 44
15 33 19 33
64 31 66 31
64 26 71 26
78 4 78 12
24 7 32 7
b 200
70 7
76 20
6 22
26 10
65 14
69 37
4 28
64 24
35 39
74 27
74 13
44 24
11 15
28 23
64 20
52 12
60 8
19 14
48 16
18 7
38 38
21 36
79 33
14 29
24 24
18 32
79 38
31 13
59 4
14 8
73 28
57 32
64 33
4 14
16 29
63 8
41 37
10 33
72 5
5 24
4 38
69 10
14 9
34 14
68 21
6 2
53 27
55 19
54 35
6 22
28 28
52 8
62 30
21 26
8 33
56 16
16 12
64 25
4 7
61 36
16 31
67 22
19 34
76 7
19 14
63 21
73 30
40 16
43 30
10 36
40 11
16 26
6 28
74 9
3 35
60 39
40 9
70 21
73 10
7 15
68 3
53 29
66 2
35 15
79 21
47 6
12 32
18 32
31 37
16 6
79 5
55 19
32 30
15 8
50 25
25 3
32 29
5 34
12 13
50 14
66 23
31 3
8 2
48 34
13 23
44 16
49 13
25 29
72 17
14 11
18 30
54 28
10 20
39 24
4 13
23 18
79 30
66 25
33 20
31 38
71 17
14 25
57 11
17 23
16 12
15 16
54 8
35 25
62 24
30 14
10 14
12 28
72 18
18 14
28 4
50 36
51 6
5 4
4 34
77 21
68 17
41 16
23 24
22 4
18 12
47 2
6 31
18 2
14 7
42 31
8 11
39 34
34 36
6 21
60 32
64 19
21 29
72 6
52 25
30 22
75 33
33 10
29 17
30 13
33 26
10 19
73 10
28 16
51 19
63 32
3 22
71 25
4 35
15 15
42 31
35 23
2 22
60 2
18 3
50 35
66 8
73 15
55 32
17 9
34 2
58 13
10 9
17 28
20 35
21 28
52 25
12 35
70 11
57 23
10 5
39 39
75 30
57 29
51 14
39 12
GO
000222