t 125
57 26 61 26
34 16 39 16
19 17 19 24
2 4 9 4
6 20 6 22
4 36 12 36
27 15 27 17
13 13 19 13
44 12 44 15
13 6 15 6
25 9 25 17
25 10 28 10
22 8 22 12
33 14 33 23
21 26 21 34
43 7 52 7
6 13 6 19
52 23 57 23
21 7 21 14
74 22 74 30
27 7 27 14
31 21 31 29
34 35 34 40
21 8 26 8
35 38 39 38
41 10 47 10
56 25 56 28
50 39 52 39
74 13 74 22
51 4 55 4
41 3 41 7
2 19 6 19
56 2 56 6
4 7 11 7
31 30 31 37
34 10 38 10
65 9 65 15
17 21 23 21
76 21 76 29
64 12 64 15
10 0 10 7
75 7 75 10
0 33 6 33
1 25 6 25
0 31 7 31
73 18 80 18
39 5 39 14
58 16 62 16
19 30 19 35
48 29 55 29
63 19 70 19
50 26 50 34
65 4 65 11
38 0 38 8
51 35 54 35
63 2 68 2
57 8 61 8
19 12 21 12
54 21 54 30
30 21 33 21
64 24 72 24
66 28 66 31
6 33 9 33
66 21 75 21
70 36 74 36
27 20 34 20
78 29 80 29
48 2 56 2
48 3 50 3
16 13 19 13
18 17 21 17
65 8 73 8
60 24 60 27
76 21 76 26
62 16 71 16
52 31 57 31
62 14 64 14
12 27 15 27
57 38 57 44
44 22 51 22
47 10 47 12
43 6 45 6
46 33 46 35
24 22 24 26
7 18 7 24
25 9 25 12
49 39 56 39
46 30 46 32
39 37 43 37
38 26 43 26
26 19 35 19
68 34 68 39
14 24 14 32
12 7 12 13
12 6 12 13
38 4 38 7
54 20 57 20
11 18 11 24
43 30 43 35
53 36 53 38
52 13 52 15
60 38 65 38
46 8 46 15
40 28 48 28
17 18 20 18
42 38 45 38
0 4 0 8
66 38 71 38
37 38 37 44
57 19 57 25
39 28 39 34
71 37 71 45
24 39 24 47
56 4 64 4
35 30 35 39
14 15 14 22
3 28 7 28
45 22 48 22
53 2 56 2
19 18 19 22
63 2 70 2
68 18 70 18
30 3 38 3
57 2 57 7
22 27 22 29
b 200
67 23
36 29
47 21
12 16
2 9
32 30
58 30
42 11
33 34
21 20
52 27
78 21
34 26
13 9
18 5
33 33
73 14
51 10
21 18
46 21
78 32
77 10
37 18
43 3
20 14
76 20
53 27
63 7
42 27
34 26
8 29
46 29
14 34
69 7
72 34
51 34
70 31
77 30
13 8
48 39
40 32
44 36
58 21
59 34
29 2
70 9
41 11
50 5
28 32
13 29
73 32
12 23
23 33
34 8
62 29
9 37
33 12
2 23
24 36
60 22
28 14
56 17
62 2
75 5
34 9
49 35
32 13
73 35
17 37
38 36
5 38
13 33
79 37
47 30
2 32
22 5
63 28
71 3
50 25
8 15
73 6
50 16
36 34
25 7
18 12
68 27
76 15
51 31
43 9
10 38
17 32
41 11
5 32
9 32
21 38
28 14
35 9
31 2
10 39
40 25
32 8
42 5
54 17
68 30
43 29
50 9
50 18
17 17
31 14
15 26
52 17
53 12
6 11
73 28
58 37
10 27
40 31
60 20
2 2
46 38
15 31
62 10
61 31
56 21
47 33
71 34
35 11
75 25
48 17
15 21
22 22
19 38
77 15
27 22
49 18
73 15
32 29
29 23
50 9
79 22
79 11
22 36
38 27
78 13
33 35
23 12
35 6
2 16
67 39
17 11
72 28
7 32
27 18
46 23
4 39
62 21
2 12
42 30
37 34
49 5
67 39
12 14
75 12
49 15
39 27
74 32
39 4
39 25
34 7
70 26
68 10
67 30
67 31
33 29
40 7
16 36
44 31
13 35
32 18
15 39
10 20
78 24
57 29
72 3
19 28
63 15
21 35
46 26
27 2
48 9
55 3
62 30
40 14
8 9
73 22
39 27
54 12
63 27
18 24
28 29
GO
002222