t 125
1 14 8 14
24 16 24 18
15 2 15 10
70 6 72 6
33 19 40 19
4 24 4 30
42 12 49 12
40 31 44 31
54 34 54 40
8 19 8 26
78 12 78 15
24 10 30 10
44 2 44 10
68 7 70 7
47 37 47 39
16 11 23 11
39 12 42 12
17 36 17 39
13 31 13 33
57 11 59 11
67 11 74 11
69 32 75 32
53 6 58 6
62 9 66 9
46 4 50 4
53 4 53 12
26 35 28 35
53 6 60 6
42 2 48 2
23 4 27 4
27 26 34 26
58 16 58 24
25 29 30 29
9 35 11 35
29 16 29 20
62 12 69 12
64 7 64 16
3 29 3 34
75 29 82 29
71 17 80 17
8 27 13 27
42 25 44 25
20 27 20 32
50 5 50 9
11 34 19 34
58 24 67 24
24 3 24 10
54 6 54 14
78 15 78 17
64 23 67 23
12 6 12 11
77 13 77 17
48 5 48 12
13 22 13 31
6 23 6 31
3 15 9 15
48 1 48 5
58 0 58 8
2 4 4 4
71 36 78 36
18 18 18 27
47 3 56 3
51 34 51 36
22 19 27 19
33 20 35 20
5 0 14 0
28 21 28 28
35 10 44 10
61 35 64 35
43 33 43 40
55 35 57 35
21 8 21 13
21 9 21 16
50 17 50 25
40 38 43 38
42 10 42 16
61 11 61 20
17 0 21 0
49 26 49 28
56 26 56 30
72 11 72 20
71 35 79 35
52 23 60 23
26 26 26 32
52 27 59 27
66 6 68 6
55 7 63 7
54 26 54 33
7 33 13 33
49 34 49 42
18 30 18 38
8 17 8 26
49 38 49 44
20 15 25 15
70 10 70 15
19 2 19 6
79 29 82 29
7 39 7 43
70 38 70 41
28 0 31 0
58 23 63 23
59 33 68 33
68 19 72 19
53 22 53 30
68 7 68 13
15 10 15 12
31 10 31 18
22 19 27 19
31 34 33 34
9 10 9 13
70 27 75 27
30 18 30 24
44 29 53 29
43 28 46 28
52 14 52 17
56 18 56 25
14 24 17 24
16 3 16 12
33 29 39 29
56 12 59 12
69 18 72 18
35 23 39 23
30 8 33 8
59 9 61 9
76 10 76 13
b 200
53 2
46 15
43 23
73 4
25 3
22 6
46 6
20 24
27 3
74 9
52 8
41 8
12 2
35 36
77 20
40 13
53 32
14 5
60 5
37 36
41 25
48 15
39 7
77 39
17 31
29 34
42 23
44 27
46 15
32 10
69 8
76 31
11 38
22 14
49 9
79 10
4 34
23 8
64 2
52 25
79 23
78 22
76 31
47 22
63 11
21 29
68 29
69 2
55 16
72 24
11 18
16 30
3 23
14 11
36 35
43 23
22 39
45 15
36 33
60 15
78 38
20 13
17 5
67 29
41 24
30 35
5 9
38 24
3 12
39 21
38 39
9 18
61 31
15 13
37 34
47 6
39 31
12 15
30 35
36 4
73 28
33 15
42 23
75 14
41 32
16 23
68 16
3 25
37 21
47 32
20 23
72 21
65 18
4 35
57 4
4 2
70 23
7 27
10 17
31 4
36 3
38 34
48 34
72 26
35 36
21 18
78 25
53 38
17 35
25 32
21 18
24 24
66 31
27 9
47 10
38 30
51 17
23 17
47 5
29 36
78 27
74 14
37 7
33 21
40 24
10 5
38 4
41 39
64 29
16 23
65 35
63 20
7 17
23 7
61 8
40 3
74 9
74 38
22 10
22 23
12 15
29 6
34 6
66 38
44 20
33 15
6 8
21 30
45 21
13 20
59 26
25 22
23 32
17 13
14 38
38 14
50 14
40 25
69 20
26 14
30 14
25 28
74 16
28 38
34 17
4 20
26 13
47 18
66 7
49 6
23 26
50 39
66 20
50 12
4 32
17 3
66 25
47 5
5 23
45 23
68 20
55 25
18 9
51 30
42 36
2 39
19 32
50 16
12 14
31 27
60 16
72 7
61 34
60 39
79 27
41 22
67 13
49 33
32 29
74 19
GO
000