f
b 200
13 36
65 33
69 19
48 10
11 9
6 38
39 36
25 36
36 34
77 38
70 14
32 7
51 38
52 27
34 32
27 12
40 26
67 28
62 3
75 15
26 34
75 15
33 29
32 21
21 38
27 20
69 30
79 16
36 9
30 9
38 38
70 16
34 35
78 36
43 38
9 12
43 5
28 12
37 34
9 27
71 23
21 34
39 16
63 35
46 2
72 12
21 32
46 7
35 37
28 14
26 5
74 2
50 14
41 38
46 22
69 27
39 20
50 30
6 14
18 24
33 34
61 19
37 22
38 19
18 31
77 10
43 7
5 32
70 17
42 3
30 34
37 25
27 34
64 23
24 12
3 39
4 33
36 15
67 14
18 34
35 17
33 16
28 35
62 29
73 26
20 3
7 13
43 31
5 13
51 19
65 13
54 39
58 32
77 28
36 37
39 22
76 31
60 5
13 28
10 6
62 4
70 5
54 14
79 5
12 15
69 22
30 11
59 39
48 29
38 26
8 38
54 28
68 35
76 30
59 31
49 23
11 23
12 2
47 14
49 14
48 10
53 39
46 4
23 3
5 25
74 26
19 36
5 12
51 31
76 4
41 8
30 25
22 28
24 23
17 26
9 31
10 17
19 32
24 27
30 5
28 21
5 35
42 26
67 18
31 32
12 25
2 20
31 4
36 21
50 7
15 28
69 34
60 22
14 7
62 19
30 5
50 6
65 29
38 39
60 8
13 34
35 32
15 18
72 12
23 28
24 2
60 20
28 22
12 3
65 19
16 24
32 21
36 8
55 5
27 6
43 30
54 7
28 16
23 35
12 7
26 10
43 34
74 34
29 22
79 20
29 17
78 5
29 22
25 38
20 9
49 37
4 32
57 39
54 7
73 35
50 5
19 27
52 27
74 16
14 10
GO
000000