f
b 200
62 29
65 23
66 25
43 31
76 30
43 8
61 34
20 11
21 39
14 31
51 39
73 6
45 2
49 20
54 38
53 39
70 37
52 29
16 6
47 32
77 19
24 4
66 11
9 23
78 25
22 23
52 39
44 17
45 31
23 17
28 34
77 14
52 16
56 29
14 3
74 2
62 6
2 14
19 14
42 16
6 9
74 13
54 20
15 18
37 38
23 26
33 10
42 33
22 28
17 13
33 30
63 7
14 25
18 23
14 5
29 25
26 10
60 31
42 19
18 9
56 30
25 19
24 15
10 22
8 18
77 6
53 33
28 3
78 24
76 9
9 7
5 19
33 11
34 21
75 10
53 7
49 31
30 23
19 30
7 15
10 8
47 32
21 21
74 34
14 15
42 3
72 15
68 25
28 20
20 2
71 17
41 18
36 9
12 15
4 7
16 11
25 38
41 4
18 15
69 4
14 25
24 5
9 17
41 8
42 16
28 2
71 36
51 8
48 30
77 11
20 9
29 38
4 29
54 26
39 39
12 16
39 32
52 37
46 9
4 39
24 35
22 26
55 34
79 25
10 15
69 24
60 6
9 15
53 24
36 34
55 14
28 16
30 3
52 26
63 30
7 21
16 38
10 6
55 21
68 2
41 22
2 23
22 29
3 27
23 7
39 7
59 33
42 18
14 39
26 21
16 24
19 20
45 36
57 38
57 13
29 12
9 25
53 39
46 35
54 37
51 15
57 7
77 14
29 38
73 35
17 2
11 8
31 33
50 29
6 32
74 19
27 35
13 12
26 8
33 30
58 23
40 22
32 16
43 3
77 25
64 6
69 32
4 5
31 6
64 39
70 10
63 11
59 37
53 6
63 25
20 10
48 26
42 18
42 9
34 17
47 11
57 35
76 5
41 18
48 24
GO
000000000000000000000000000000000000000333333333333333333333333