t 50
24 15 30 15
62 31 62 38
64 33 64 37
71 39 71 48
55 36 55 44
73 14 73 22
7 4 7 11
39 23 42 23
41 17 41 23
35 20 43 20
46 18 50 18
0 13 2 13
2 16 2 22
57 31 64 31
75 26 79 26
71 6 71 12
60 24 65 24
65 19 65 21
25 10 25 13
52 26 52 34
7 22 7 30
35 38 35 42
60 14 60 23
31 8 31 17
46 6 50 6
60 25 66 25
5 31 14 31
2 0 10 0
27 34 35 34
19 24 19 28
70 26 70 34
5 16 5 20
48 6 48 11
33 15 41 15
24 29 33 29
35 39 35 42
28 13 30 13
74 35 74 38
41 9 41 13
44 5 51 5
46 5 46 10
20 8 27 8
20 28 28 28
37 11 42 11
41 2 48 2
16 33 25 33
33 13 33 22
5 36 8 36
69 8 69 12
52 33 58 33
b 200
15 29
2 4
43 33
29 10
11 36
31 21
6 18
22 2
28 14
46 32
21 4
8 34
46 4
45 14
47 11
69 39
59 4
13 35
21 32
36 29
25 22
74 22
23 4
44 22
19 14
63 16
40 37
32 36
15 21
75 6
10 33
51 20
29 10
23 9
21 22
3 3
36 17
55 27
11 12
43 4
20 21
8 33
38 3
79 18
5 24
47 12
11 23
57 2
76 38
60 7
21 31
25 26
60 7
25 18
70 13
44 23
6 14
46 38
10 28
17 15
44 28
74 23
37 37
68 20
50 9
17 34
49 23
75 16
54 39
73 10
31 30
40 14
2 9
59 20
42 3
76 18
50 20
54 29
60 7
4 39
55 8
76 32
71 25
12 34
8 29
23 17
19 34
60 33
21 18
21 32
41 35
67 32
26 25
72 34
76 8
39 34
10 18
52 4
60 34
15 8
34 31
66 19
37 36
11 2
73 12
62 10
5 3
60 4
59 36
49 13
73 13
30 20
72 10
75 28
61 7
67 28
70 39
68 22
37 4
8 18
40 21
53 38
12 39
56 39
6 3
76 19
14 28
4 33
74 12
45 31
26 27
49 32
36 16
31 31
38 39
24 7
73 34
23 20
53 38
70 22
37 8
53 26
24 25
47 7
62 11
6 28
17 13
50 28
21 30
50 7
47 28
33 10
36 7
50 31
12 34
71 5
23 3
56 30
19 7
60 4
26 18
2 26
4 18
10 20
15 38
33 3
37 17
30 2
64 13
69 18
75 14
9 32
4 21
29 30
17 18
42 34
42 16
36 12
51 39
67 5
16 27
26 4
26 37
11 2
35 21
37 26
10 18
5 28
67 28
40 12
31 28
71 23
14 34
38 37
44 4
8 37
13 27
43 23
25 23
37 30
GO
000000000000000333300330002221133002222222