t 100
19 7 19 9
3 12 5 12
46 21 55 21
11 32 14 32
10 36 10 42
61 20 70 20
61 35 61 38
74 36 74 38
69 1 75 1
43 21 46 21
1 10 1 16
29 32 29 39
0 19 0 27
11 18 11 22
24 11 28 11
59 6 59 11
50 18 59 18
77 15 80 15
59 13 59 16
49 23 57 23
58 26 58 32
47 34 52 34
26 17 29 17
62 31 62 35
59 0 59 2
33 33 33 37
58 21 62 21
49 21 56 21
61 33 66 33
75 36 75 45
55 4 62 4
15 18 15 26
3 19 3 27
33 39 39 39
41 32 41 36
62 23 67 23
27 4 36 4
54 37 54 45
14 14 14 16
40 25 47 25
17 11 17 16
46 26 48 26
40 24 44 24
25 37 28 37
58 10 60 10
14 27 17 27
68 11 74 11
15 37 15 42
11 34 11 42
21 35 21 37
35 31 39 31
20 9 23 9
9 33 11 33
19 39 22 39
79 23 84 23
41 37 44 37
64 12 66 12
7 30 7 35
45 27 45 33
48 5 48 10
11 2 14 2
76 0 81 0
58 33 58 39
15 29 15 38
53 9 61 9
72 25 72 28
2 8 2 15
27 19 27 26
14 7 17 7
62 32 62 39
42 21 48 21
59 7 67 7
28 4 28 11
12 17 20 17
31 12 40 12
36 27 44 27
64 31 64 40
53 37 53 44
11 25 11 27
36 19 36 28
8 26 8 29
72 19 72 24
25 25 33 25
21 27 29 27
21 21 26 21
67 37 67 39
49 13 49 18
40 38 40 41
22 22 22 28
22 6 22 14
24 30 24 39
0 31 0 39
38 34 38 42
68 20 73 20
7 19 7 23
30 34 30 42
20 21 22 21
2 23 6 23
44 37 50 37
64 7 71 7
b 200
4 14
35 18
2 19
77 33
31 33
22 19
16 30
76 5
8 37
43 18
15 9
38 21
60 30
47 14
34 35
10 19
30 14
7 26
65 35
48 18
6 12
15 9
35 8
57 3
48 27
58 23
13 16
40 36
16 25
74 15
58 2
47 8
25 18
8 21
65 27
55 20
55 16
11 30
56 12
53 35
13 30
74 18
48 23
16 2
18 22
29 30
36 7
27 34
6 34
47 39
40 9
73 24
13 14
19 5
79 7
28 31
34 9
18 5
74 27
14 9
73 21
7 24
76 37
10 18
14 38
13 9
16 25
63 15
7 17
21 23
68 35
40 29
11 31
48 39
60 19
68 32
42 11
8 3
46 38
74 28
57 22
30 24
46 20
13 10
46 19
20 28
50 25
21 19
3 39
6 28
36 6
75 5
73 31
21 23
5 22
64 17
7 36
12 25
35 8
39 4
26 4
58 16
32 27
74 23
10 32
71 19
19 27
73 2
15 8
55 7
71 23
62 22
63 32
71 19
37 8
49 6
39 36
11 11
35 13
15 5
69 5
41 28
58 23
67 14
35 19
39 8
31 19
9 28
49 3
59 17
54 17
8 15
35 7
12 4
10 3
26 10
38 33
57 26
19 33
46 5
72 12
15 2
69 12
75 32
10 19
40 36
52 37
60 32
18 14
3 10
73 39
76 31
4 20
58 22
42 10
35 3
17 3
68 15
60 3
30 24
16 22
66 13
55 26
35 3
57 27
29 8
32 6
20 26
70 22
49 38
52 7
25 9
20 34
78 3
23 32
3 6
64 19
79 29
52 14
77 12
78 27
21 5
6 4
78 12
64 2
73 21
72 34
65 5
19 18
7 2
71 21
11 14
52 26
6 15
75 15
77 3
40 15
54 26
35 16
33 14
GO
00002222222t 100
78 36 85 36
64 15 64 17
44 23 51 23
45 37 45 39
71 37 71 46
43 15 45 15
54 37 62 37
21 31 24 31
79 6 79 10
44 0 44 2
33 11 33 13
20 20 20 27
9 13 9 17
68 23 68 32
36 1 38 1
43 20 43 23
39 19 39 24
59 17 59 19
15 14 15 18
21 29 23 29
19 0 25 0
53 39 58 39
20 39 28 39
60 11 60 18
32 26 41 26
57 30 62 30
79 12 88 12
60 22 60 24
57 25 62 25
31 21 38 21
13 13 20 13
31 9 39 9
55 13 55 19
78 1 78 5
79 24 79 28
61 36 68 36
15 5 15 11
62 10 62 19
77 32 79 32
75 39 75 42
38 9 41 9
72 38 72 45
39 16 39 19
44 17 53 17
56 3 58 3
68 35 68 43
26 33 28 33
68 36 68 39
45 36 45 44
11 24 18 24
54 37 61 37
7 21 16 21
10 34 10 38
66 14 66 22
74 19 74 23
14 2 14 9
37 15 37 20
36 15 36 23
30 18 37 18
18 12 18 14
65 7 74 7
76 4 76 9
19 39 22 39
62 33 62 39
61 4 68 4
8 32 10 32
73 15 77 15
35 20 37 20
37 4 44 4
21 2 21 4
19 16 19 20
55 23 62 23
71 16 71 22
62 25 64 25
33 24 33 27
74 29 77 29
39 9 39 14
24 30 26 30
37 16 37 18
6 26 6 35
56 21 56 27
20 31 25 31
25 20 30 20
22 6 25 6
35 4 42 4
4 8 4 12
30 14 30 16
23 34 23 36
49 33 49 40
29 31 38 31
33 39 38 39
71 13 71 18
35 38 35 41
53 9 53 17
44 34 44 40
64 2 73 2
37 0 37 7
70 27 70 32
26 34 26 38
35 29 40 29
b 200
48 13
33 22
78 19
27 6
9 35
9 22
78 20
79 16
12 13
63 3
17 10
70 25
23 17
23 38
29 28
38 20
34 30
64 37
61 7
70 13
17 31
55 33
51 31
57 2
74 3
66 8
57 15
53 38
42 2
15 23
7 7
55 8
22 28
11 4
8 31
46 24
64 7
54 8
68 14
76 10
39 7
76 3
60 35
51 12
77 22
54 12
61 38
3 18
23 22
73 21
48 24
38 3
63 17
51 25
46 2
26 13
27 7
49 4
62 24
54 2
29 33
74 15
4 3
31 39
20 12
68 6
39 15
67 34
72 31
9 11
61 39
40 25
48 37
18 38
13 14
42 36
66 9
65 19
79 31
5 21
20 19
54 23
78 24
15 3
61 39
33 4
69 39
42 11
23 25
38 33
68 6
39 6
48 14
76 35
11 36
68 11
41 21
65 16
2 2
12 11
25 5
40 28
17 9
13 26
74 13
63 3
19 28
23 19
79 39
61 20
52 30
63 27
9 34
76 10
73 21
12 38
58 17
44 21
31 7
5 5
28 7
28 17
50 38
49 13
35 28
48 16
70 3
23 20
72 5
8 20
47 3
34 19
64 28
52 20
36 5
3 27
52 14
62 31
57 22
63 3
32 27
16 20
40 20
69 21
20 18
35 13
75 18
32 36
68 34
53 31
28 19
63 19
56 28
19 32
54 34
51 2
35 30
36 7
57 22
35 7
10 17
19 7
77 27
59 21
46 15
52 38
46 14
73 23
2 20
43 28
21 32
75 26
50 5
35 2
50 24
25 29
34 32
43 10
29 23
11 28
40 2
58 21
2 8
57 27
29 24
78 15
52 13
44 9
61 10
3 36
17 35
16 20
54 11
76 27
22 11
3 19
50 14
17 31
68 15
48 9
GO
0000f
b 200
64 23
40 21
17 25
22 4
40 20
57 10
24 39
42 21
66 30
30 18
25 36
71 32
28 20
37 26
19 28
37 17
50 38
20 7
30 15
30 24
2 36
47 22
9 22
77 39
77 31
58 3
55 7
3 16
58 12
38 13
9 15
54 15
24 26
5 8
27 20
9 10
58 33
73 11
32 14
51 11
58 6
26 18
69 29
54 17
71 33
78 5
39 12
19 7
23 15
4 33
63 38
18 27
64 11
8 14
35 28
75 20
25 8
74 28
44 19
11 28
56 37
65 17
11 18
65 3
76 29
12 4
27 21
60 10
76 35
62 23
6 31
75 21
5 2
65 27
49 14
42 18
40 24
64 10
22 17
15 32
76 20
49 31
10 39
17 14
27 39
13 32
33 35
53 31
8 3
2 36
51 28
32 25
20 33
15 2
54 28
9 37
5 9
48 35
69 36
10 19
59 7
22 5
2 12
8 25
67 5
14 6
37 2
56 24
51 17
53 35
29 11
62 9
37 21
24 29
17 34
43 24
48 5
20 16
40 12
65 17
77 33
39 37
49 21
26 13
17 26
56 7
43 4
28 30
67 31
5 11
4 20
7 10
56 37
72 12
57 14
27 16
52 30
72 36
58 36
48 17
65 4
35 11
39 8
26 3
20 30
43 3
69 26
79 17
69 2
77 37
74 8
41 25
41 35
79 5
24 31
31 15
41 28
22 27
56 30
27 14
16 18
53 6
76 6
13 28
38 11
8 6
14 10
23 34
32 28
50 24
40 10
74 11
77 26
60 30
23 12
64 3
33 25
22 17
5 26
35 10
52 26
5 11
24 39
15 38
36 17
34 17
75 39
62 31
6 18
56 33
30 12
20 36
37 24
76 34
43 23
51 2
9 5
67 37
26 31
29 5
GO
00000000