t 125
14 19 14 28
76 2 78 2
55 25 59 25
3 38 3 42
68 18 72 18
9 0 16 0
43 31 43 33
13 28 15 28
74 26 83 26
56 1 56 7
76 23 82 23
5 34 8 34
19 0 19 5
44 25 47 25
24 36 28 36
12 6 12 9
63 4 68 4
3 35 3 44
18 17 26 17
8 24 8 32
6 7 9 7
13 39 13 43
51 14 51 21
12 33 12 40
61 17 69 17
50 39 50 41
21 32 21 34
72 8 77 8
16 24 16 32
26 22 26 26
53 38 53 45
69 23 75 23
66 6 66 11
79 31 82 31
23 38 26 38
58 35 58 42
30 7 36 7
23 8 28 8
11 25 11 29
35 39 38 39
6 32 10 32
75 14 75 20
33 31 38 31
68 25 71 25
52 6 61 6
40 21 40 26
56 2 56 5
33 5 33 9
19 32 28 32
38 33 38 36
67 4 67 6
8 24 14 24
66 0 66 4
28 19 37 19
17 17 21 17
55 10 55 16
60 38 60 43
64 4 68 4
34 27 40 27
18 14 26 14
35 3 44 3
70 5 70 9
48 3 56 3
58 10 60 10
45 8 49 8
61 16 61 25
22 24 22 29
8 32 8 34
71 12 71 19
69 25 69 28
20 0 20 5
1 4 4 4
0 1 2 1
27 6 27 12
70 6 77 6
10 31 18 31
34 22 41 22
72 13 72 19
40 4 42 4
78 34 81 34
33 28 33 37
35 31 35 34
5 24 5 26
18 32 18 35
60 39 69 39
40 36 40 44
72 1 72 7
70 9 70 17
58 21 58 26
16 8 23 8
65 11 67 11
6 4 6 11
13 35 13 41
54 26 56 26
78 9 78 15
22 29 22 35
60 37 69 37
17 0 19 0
68 31 77 31
64 2 64 7
20 6 20 12
43 14 43 22
2 39 2 48
26 20 34 20
49 12 49 17
20 33 20 39
68 30 72 30
63 19 65 19
27 2 27 4
48 18 57 18
35 24 44 24
42 22 42 24
60 6 62 6
24 18 24 22
58 22 58 30
17 26 17 34
49 17 57 17
30 14 30 20
62 35 65 35
65 30 72 30
68 37 68 45
36 24 42 24
74 3 80 3
3 15 3 22
61 23 61 29
b 200
22 36
54 33
78 17
34 3
62 2
67 20
17 39
72 36
2 31
42 11
35 16
58 11
34 4
64 24
53 20
15 16
54 29
48 4
15 11
28 27
31 25
29 18
26 13
25 12
49 37
18 13
48 32
23 25
3 33
48 29
29 6
8 12
49 36
54 7
28 28
63 28
4 9
42 5
33 17
39 21
16 37
56 11
63 36
65 29
58 16
38 23
59 13
44 15
74 22
12 10
44 35
32 15
70 4
6 39
45 33
43 28
71 20
18 6
15 11
10 8
10 5
24 9
16 11
76 24
63 22
54 30
44 37
44 8
62 28
4 24
78 25
40 28
20 19
20 31
45 30
5 11
26 7
64 12
6 35
67 19
24 2
36 23
55 21
50 14
56 11
4 29
68 27
44 33
47 17
44 37
65 16
5 4
5 36
43 26
52 23
22 10
32 23
44 36
22 39
19 36
63 14
61 33
35 5
56 19
68 24
10 14
19 35
5 16
5 35
5 37
27 35
47 29
11 11
8 17
50 37
23 21
21 25
40 33
4 15
8 38
42 33
44 31
79 35
8 15
78 22
48 24
60 14
3 32
32 36
44 16
78 37
71 8
40 20
66 16
68 33
34 23
57 15
69 22
18 3
72 12
33 25
28 21
51 35
36 11
77 36
25 24
35 21
59 9
11 11
13 17
72 29
69 21
19 37
61 35
17 9
31 35
74 19
31 39
44 36
56 31
28 25
23 39
79 14
37 38
51 25
65 14
39 10
9 28
6 14
78 33
5 33
43 27
6 30
47 15
76 18
6 2
59 23
10 30
56 21
52 37
61 14
67 38
24 34
56 19
13 23
57 33
76 12
11 16
56 32
41 36
48 19
19 21
5 23
77 20
9 19
49 38
16 6
51 6
38 6
17 25
GO
00003333333