t 125
71 31 78 31
25 19 28 19
26 26 28 26
49 28 53 28
46 37 46 46
77 25 77 33
11 1 11 7
51 30 59 30
52 33 59 33
29 26 35 26
11 27 11 31
78 38 81 38
77 6 77 9
65 34 65 43
7 30 7 33
51 9 51 13
2 10 2 16
56 4 56 7
48 23 53 23
70 10 70 18
29 18 34 18
23 25 23 30
41 12 48 12
12 23 12 31
54 33 54 37
18 24 22 24
20 15 24 15
59 12 59 18
41 25 50 25
49 25 49 34
17 0 17 7
44 17 44 23
73 9 78 9
24 15 24 21
14 0 14 2
58 38 60 38
59 10 64 10
11 28 11 36
62 34 64 34
33 37 37 37
47 39 49 39
39 27 42 27
1 29 1 32
34 26 34 35
11 22 15 22
68 32 73 32
15 30 24 30
30 34 30 42
10 1 10 3
55 35 63 35
78 37 78 45
77 36 77 40
6 7 6 16
51 20 51 25
61 34 63 34
43 11 43 16
77 17 83 17
17 26 26 26
38 39 40 39
49 6 56 6
70 30 70 34
24 20 28 20
24 6 24 8
3 0 3 3
79 39 82 39
38 15 46 15
66 31 66 37
71 35 71 44
2 31 4 31
58 38 58 40
40 3 43 3
45 19 54 19
4 12 4 15
47 34 47 38
39 4 43 4
20 3 27 3
50 36 58 36
0 32 0 36
49 34 56 34
14 30 22 30
19 3 19 7
6 27 6 33
29 15 29 22
57 34 57 41
34 25 34 27
37 0 37 4
32 32 32 41
43 13 43 21
44 24 44 30
46 33 46 38
2 32 5 32
70 13 70 16
43 20 51 20
78 21 80 21
31 30 33 30
10 31 10 39
11 5 14 5
46 17 53 17
63 15 66 15
68 38 73 38
78 11 78 15
33 9 40 9
76 12 76 16
34 3 34 8
54 3 54 8
37 28 37 31
56 36 56 38
7 33 13 33
16 23 16 28
33 33 35 33
9 37 11 37
59 2 59 9
79 22 87 22
43 24 45 24
43 17 43 20
33 4 39 4
76 20 78 20
77 18 80 18
45 1 49 1
27 11 33 11
40 28 40 37
61 15 64 15
16 29 23 29
38 27 38 33
33 7 42 7
b 200
19 9
51 2
58 13
43 32
6 2
38 25
55 8
69 35
72 13
32 24
5 29
4 7
35 28
70 22
62 17
44 4
42 16
8 22
79 29
43 39
24 28
70 25
62 24
46 11
35 29
18 2
46 14
8 25
4 16
66 2
33 17
75 4
8 37
43 27
20 20
38 2
53 5
10 28
17 8
67 7
46 29
45 31
49 7
62 2
9 23
4 19
14 14
64 25
32 10
36 20
52 3
50 39
42 14
40 18
79 6
71 24
21 27
67 27
47 16
6 22
3 16
75 37
36 27
58 28
55 8
30 33
6 24
39 21
46 6
43 7
31 4
33 5
32 10
23 36
54 12
70 20
54 10
26 33
64 29
32 24
33 38
64 30
12 12
75 13
56 8
13 32
60 39
68 13
42 2
14 21
28 39
72 11
4 4
2 39
74 21
42 2
47 8
67 15
35 13
78 33
67 6
38 17
11 19
75 20
72 39
36 33
68 17
69 10
76 3
14 7
59 31
41 2
25 30
7 10
27 10
20 14
77 4
64 36
76 23
46 16
20 25
22 31
20 18
50 8
52 15
79 23
47 8
35 16
34 16
8 12
5 20
39 23
54 2
5 25
35 8
64 28
42 28
74 30
5 27
20 2
4 23
40 16
13 16
8 29
56 31
79 27
66 16
11 13
58 7
61 38
67 15
67 38
2 34
75 37
26 36
36 12
26 27
45 30
54 23
61 33
49 11
17 36
2 25
22 10
48 9
70 24
75 38
57 31
27 14
30 20
65 29
64 39
64 11
10 14
22 22
38 12
13 12
75 35
9 18
63 3
42 23
25 10
65 2
53 3
47 23
6 23
48 37
2 33
75 28
24 31
28 15
30 10
75 4
40 23
70 21
42 10
71 4
20 7
48 22
36 28
GO
0000222