t 125
7 0 11 0
61 35 68 35
28 31 31 31
21 10 21 19
39 7 42 7
34 5 37 5
31 8 34 8
69 21 69 23
13 37 13 42
40 24 47 24
26 36 33 36
24 15 24 19
67 20 70 20
2 11 2 17
77 4 77 8
5 19 5 24
44 19 44 24
7 26 7 29
37 18 40 18
46 28 46 32
55 1 55 4
14 10 14 19
10 20 18 20
74 33 80 33
26 31 26 39
71 35 71 39
37 16 37 25
39 15 43 15
24 16 24 20
52 25 59 25
35 2 43 2
31 12 31 17
8 22 15 22
66 1 74 1
5 36 8 36
3 34 3 40
64 19 64 25
72 2 72 9
79 27 88 27
5 3 10 3
54 9 54 13
78 31 78 35
75 9 75 18
30 30 33 30
45 18 45 24
3 10 3 15
38 10 38 17
33 10 33 18
1 19 1 24
79 6 79 15
23 18 23 25
3 17 10 17
61 27 61 32
61 3 61 11
38 39 38 48
23 14 23 19
40 36 48 36
75 17 75 19
16 2 19 2
51 16 54 16
62 11 62 13
23 38 23 42
0 2 0 8
59 11 62 11
25 35 29 35
19 36 23 36
23 22 23 25
25 15 32 15
60 36 60 42
39 6 43 6
69 16 69 25
68 30 68 37
56 39 61 39
23 25 23 30
32 36 39 36
50 8 55 8
26 2 26 11
47 28 47 31
33 8 41 8
67 17 71 17
74 28 77 28
25 4 25 13
14 28 17 28
19 0 26 0
59 10 59 13
79 36 85 36
29 8 37 8
0 23 0 27
22 28 25 28
5 30 14 30
51 33 56 33
29 31 29 36
61 30 69 30
3 36 5 36
8 33 8 36
39 10 39 13
13 37 13 39
58 16 66 16
59 28 59 31
66 9 71 9
10 28 18 28
31 23 34 23
43 29 52 29
40 22 40 31
23 9 27 9
5 27 5 35
52 17 60 17
64 14 64 18
27 33 35 33
22 26 25 26
20 37 23 37
0 27 0 35
56 18 56 25
18 9 18 13
67 27 71 27
43 34 49 34
61 3 65 3
47 8 47 13
40 29 45 29
79 12 79 15
67 38 67 44
29 18 38 18
25 26 25 31
31 39 31 42
13 26 13 31
b 200
23 6
4 38
30 13
57 33
28 21
15 25
55 27
59 37
74 9
74 15
11 29
69 15
69 7
67 10
51 2
17 36
75 7
15 30
63 39
69 6
12 32
38 35
34 16
72 14
53 21
54 28
23 6
63 4
31 26
31 11
43 12
63 33
44 11
39 29
19 15
2 27
63 11
22 32
76 20
6 35
76 22
39 24
76 5
45 2
79 2
55 7
19 17
18 5
67 5
20 34
64 7
60 35
6 15
21 8
6 35
70 23
74 9
73 28
29 24
36 29
4 14
26 13
43 18
12 15
17 6
42 23
57 21
7 7
45 4
46 10
28 26
32 2
35 9
12 37
76 8
58 38
46 5
5 38
20 4
58 26
27 28
78 24
15 9
51 36
48 17
27 34
25 34
41 12
11 31
42 14
10 37
40 13
22 3
25 21
51 32
76 5
67 29
57 30
73 39
54 24
56 36
2 6
73 33
20 2
38 9
51 21
26 23
73 19
60 3
11 18
17 23
59 9
10 13
39 34
13 3
67 12
62 21
39 25
3 23
78 10
21 31
73 22
79 26
43 35
75 30
3 23
11 14
2 35
49 15
46 37
74 2
51 31
55 36
5 16
27 8
9 25
51 37
35 9
51 26
38 20
30 16
50 23
49 20
29 21
56 16
9 33
71 23
25 23
5 13
53 38
35 24
70 22
3 29
59 27
71 16
10 34
24 37
65 26
67 22
70 14
62 34
17 23
70 30
76 17
74 25
42 34
73 14
44 18
25 38
63 39
43 7
64 31
65 22
65 24
59 24
28 37
30 23
77 26
64 12
24 32
42 18
75 34
41 17
75 6
10 18
66 27
17 30
38 6
31 10
53 18
30 25
43 9
51 12
12 23
7 39
73 7
24 3
23 34
53 6
77 31
GO
000333