t 125
62 0 62 5
77 16 77 18
34 28 34 35
46 1 53 1
28 37 28 45
53 7 57 7
45 7 54 7
58 27 58 32
48 2 48 9
49 32 49 40
38 15 46 15
55 37 62 37
26 30 35 30
36 34 41 34
52 3 52 12
70 0 70 3
39 29 39 31
63 38 69 38
0 13 0 15
20 26 20 34
35 30 39 30
24 22 24 26
2 0 2 7
2 15 2 21
63 32 63 34
0 21 0 25
43 30 52 30
46 11 46 18
49 1 53 1
75 22 83 22
60 16 60 19
37 23 43 23
37 25 44 25
79 27 81 27
72 33 76 33
66 33 66 42
74 25 74 27
24 5 32 5
69 30 71 30
19 14 22 14
26 38 30 38
28 37 35 37
52 38 57 38
56 0 56 7
57 11 57 17
45 32 50 32
1 16 7 16
20 6 28 6
33 27 36 27
39 29 45 29
61 14 61 16
29 5 33 5
26 20 34 20
1 15 1 23
36 15 38 15
40 5 42 5
31 17 34 17
28 34 28 41
58 12 58 15
72 5 75 5
12 9 12 14
11 9 11 14
14 17 18 17
1 32 1 41
21 5 23 5
22 5 22 8
78 38 78 44
70 16 70 20
48 31 55 31
27 32 32 32
38 13 38 19
12 1 20 1
25 25 31 25
34 35 36 35
8 0 14 0
62 17 62 19
40 15 43 15
9 14 9 21
36 32 36 37
38 11 45 11
22 18 22 27
33 0 33 2
2 16 2 20
77 17 77 26
77 15 77 24
35 12 40 12
34 1 34 9
20 37 20 43
17 2 23 2
27 25 27 29
47 25 47 34
63 3 72 3
22 3 22 10
17 11 17 15
16 4 16 12
56 10 56 13
14 6 21 6
31 36 40 36
25 4 33 4
26 31 31 31
58 29 58 33
9 20 9 28
22 12 22 16
19 31 19 38
76 22 83 22
74 30 74 38
50 3 56 3
64 7 69 7
63 18 63 20
25 9 28 9
0 11 0 14
18 24 23 24
72 34 72 39
37 36 40 36
9 10 9 13
70 11 70 14
2 32 2 37
65 29 68 29
48 39 52 39
37 11 37 15
30 12 30 19
50 1 50 6
34 21 34 27
4 12 4 14
59 3 59 5
b 200
70 28
56 19
64 4
14 25
19 30
47 8
21 13
13 7
16 35
68 34
15 25
75 19
50 38
8 10
21 34
4 19
18 16
17 5
68 32
42 3
73 16
4 10
14 23
70 8
59 30
45 28
6 21
62 32
44 17
6 11
14 15
10 20
24 9
36 6
35 23
17 33
54 39
43 37
73 24
54 23
68 6
48 33
74 19
48 22
5 39
5 8
37 18
23 19
39 9
24 27
42 9
58 3
72 32
48 25
65 4
76 12
56 36
57 35
30 23
54 19
62 21
19 39
29 24
8 13
3 20
14 36
44 10
12 28
41 12
38 20
7 35
71 22
50 38
42 7
75 2
54 14
79 19
5 12
25 34
41 7
38 8
50 25
79 6
53 4
33 24
29 3
5 31
9 33
8 10
51 16
58 5
12 35
69 28
20 22
68 26
23 3
24 34
40 3
67 11
13 31
36 2
36 8
27 23
27 34
56 8
23 38
76 3
32 35
6 13
70 36
44 5
16 18
26 3
35 39
39 2
76 37
21 20
12 32
26 29
53 2
34 12
79 12
75 36
49 4
29 33
74 8
71 16
64 12
73 30
78 37
31 28
51 17
15 2
78 10
44 34
7 7
14 26
53 4
44 26
24 19
53 4
25 2
37 21
45 13
60 30
26 10
10 21
29 7
14 25
59 22
19 18
61 8
39 4
2 28
72 2
23 16
64 4
67 13
38 27
11 18
4 29
65 17
63 9
23 7
73 19
23 27
9 2
8 32
42 38
48 15
44 9
31 3
28 18
16 24
2 30
4 28
14 24
33 18
51 38
28 24
14 5
71 16
64 24
64 34
35 24
58 19
32 23
59 19
8 13
50 24
5 27
72 31
30 10
5 28
50 20
78 30
33 29
79 30
45 3
69 27
GO
000