t 125
58 1 60 1
67 3 74 3
43 22 43 28
40 7 40 15
17 11 23 11
26 15 29 15
48 33 53 33
42 20 45 20
17 10 17 12
25 30 29 30
74 33 74 39
44 10 52 10
67 25 73 25
6 6 6 13
60 27 60 36
24 22 29 22
48 10 48 16
78 17 78 20
65 10 65 13
44 29 44 38
79 10 85 10
73 19 80 19
51 26 55 26
51 11 56 11
78 6 78 10
14 20 17 20
42 0 49 0
66 0 73 0
15 5 15 12
38 9 38 12
26 25 26 28
79 33 79 41
32 36 36 36
35 1 35 7
52 4 56 4
10 17 10 26
1 36 1 43
60 39 62 39
51 6 51 11
11 31 14 31
4 24 11 24
42 34 42 43
10 1 19 1
65 20 65 29
64 36 64 42
21 18 21 26
4 18 12 18
42 10 42 17
14 4 17 4
67 8 67 17
45 29 45 35
59 33 65 33
29 12 32 12
41 21 41 26
30 34 30 36
33 21 35 21
51 16 56 16
49 28 52 28
65 5 71 5
39 9 39 11
4 20 4 23
54 27 59 27
16 14 16 21
59 30 59 32
75 25 75 34
0 23 0 31
71 24 77 24
61 2 61 10
6 3 6 10
72 6 74 6
25 38 25 43
55 10 55 14
42 16 42 18
13 2 18 2
29 15 36 15
57 21 64 21
65 26 71 26
66 0 66 9
70 34 70 38
18 27 20 27
34 8 34 14
50 4 55 4
42 16 48 16
5 9 8 9
28 36 28 41
8 30 10 30
18 14 18 17
41 20 44 20
23 14 23 21
11 14 19 14
58 22 62 22
12 2 12 11
3 13 3 19
15 11 20 11
31 0 39 0
52 22 52 26
62 35 62 44
59 10 59 18
14 5 16 5
32 36 36 36
61 17 61 23
65 5 71 5
60 8 60 17
47 30 52 30
57 15 57 22
31 8 39 8
13 12 13 20
43 11 43 19
70 5 73 5
41 15 41 18
51 25 58 25
40 16 40 19
13 16 19 16
10 21 14 21
39 0 39 3
20 29 29 29
70 15 78 15
23 32 23 35
49 37 51 37
15 25 15 27
8 33 10 33
1 31 6 31
25 0 34 0
50 4 50 13
9 9 11 9
b 200
53 5
10 16
47 28
24 24
73 34
59 5
31 17
11 17
11 19
18 38
5 19
11 11
40 27
4 12
33 11
38 7
22 32
73 34
63 11
32 39
57 8
55 19
74 8
54 12
51 12
39 18
20 38
36 25
39 26
56 23
25 14
17 37
70 23
2 36
73 9
5 5
39 19
12 24
54 8
77 14
43 31
48 23
33 27
40 27
69 39
66 30
63 32
31 35
71 33
34 20
33 14
27 10
19 23
7 14
7 25
52 17
27 16
14 18
24 28
30 20
76 17
31 25
11 33
4 15
17 37
32 7
38 24
36 22
19 15
40 36
14 18
16 3
31 38
67 28
38 27
30 38
30 4
71 4
55 15
15 19
74 32
19 33
43 6
5 25
46 24
67 21
36 4
19 38
74 12
42 3
8 23
30 8
75 21
39 22
38 2
16 3
39 35
41 6
15 18
38 35
60 19
61 27
19 7
55 31
58 10
32 35
43 38
55 20
11 22
43 30
17 21
65 4
33 23
55 34
71 38
42 31
5 37
73 10
48 32
24 28
46 12
7 23
46 36
73 2
47 31
49 12
47 28
47 20
15 32
23 36
29 39
37 17
69 27
16 33
27 3
48 18
21 14
30 29
77 35
68 21
9 5
41 13
73 20
11 12
70 28
8 12
17 19
29 10
15 35
34 19
39 15
31 10
57 33
77 9
79 27
69 24
57 5
73 26
63 3
76 5
17 21
46 27
42 32
57 36
74 30
55 21
8 38
46 25
57 37
28 25
31 21
53 3
55 21
28 12
2 33
36 3
75 18
31 9
33 30
77 16
77 2
51 3
77 37
66 17
9 19
2 38
62 34
51 17
7 19
68 13
24 24
26 35
36 25
73 8
73 29
3 27
46 21
20 34
2 6
61 13
GO
000000