t 125
44 27 44 29
26 8 33 8
23 30 32 30
63 4 63 8
7 31 16 31
23 19 28 19
50 36 58 36
37 18 37 27
54 24 54 27
9 4 9 12
66 34 66 36
8 25 10 25
10 5 15 5
1 33 10 33
15 9 20 9
62 34 68 34
50 22 50 30
5 39 14 39
73 13 77 13
54 3 59 3
65 24 72 24
42 6 44 6
34 25 42 25
42 37 42 43
48 24 48 33
14 0 14 7
59 3 61 3
30 33 30 36
52 14 52 16
41 11 50 11
33 18 33 20
31 36 40 36
60 34 60 40
73 4 73 12
45 9 45 18
49 20 49 23
60 34 63 34
18 10 18 16
61 22 65 22
6 24 6 26
45 14 45 18
65 26 65 30
22 34 26 34
72 7 77 7
66 28 72 28
20 26 22 26
35 5 35 12
62 9 64 9
14 19 21 19
66 16 75 16
21 36 26 36
75 19 75 25
67 5 67 14
7 28 9 28
15 25 15 28
72 7 79 7
59 28 67 28
60 3 64 3
37 38 37 43
77 31 83 31
78 13 81 13
79 3 88 3
63 1 69 1
46 34 54 34
57 13 62 13
40 28 49 28
1 2 4 2
24 39 28 39
46 28 49 28
29 35 29 39
63 30 63 37
15 29 23 29
38 22 43 22
4 21 4 26
6 22 15 22
64 23 71 23
25 7 25 15
43 32 43 41
33 36 39 36
57 30 63 30
23 5 32 5
44 26 46 26
65 16 74 16
44 37 44 44
36 37 45 37
60 25 68 25
78 28 81 28
12 29 12 38
21 16 21 22
73 24 76 24
28 12 28 19
53 20 53 26
37 3 37 7
35 38 44 38
3 39 12 39
20 0 20 7
71 16 71 18
50 30 53 30
24 34 31 34
10 25 16 25
41 7 47 7
67 21 75 21
48 36 48 41
57 18 62 18
14 21 14 29
75 11 79 11
3 20 6 20
22 6 22 11
4 30 10 30
11 7 18 7
53 31 53 39
15 37 15 44
24 8 24 10
67 30 72 30
28 30 37 30
11 8 19 8
59 0 61 0
29 31 29 38
74 23 81 23
47 9 47 14
32 26 41 26
18 9 18 14
23 15 27 15
24 13 28 13
55 7 62 7
b 200
73 22
34 13
52 6
4 17
25 31
42 20
57 32
55 30
44 3
26 27
68 11
18 35
71 37
76 10
53 4
57 8
75 4
3 31
52 28
68 27
79 37
25 17
13 16
57 31
46 10
10 28
9 26
44 8
51 13
40 9
70 11
14 37
4 35
65 35
51 19
8 29
20 30
65 39
30 28
59 25
57 33
71 3
31 9
32 28
40 8
47 3
36 6
55 14
33 6
14 12
69 22
33 17
41 20
27 18
13 19
53 27
75 37
44 22
39 18
20 31
29 29
19 18
59 34
11 3
13 32
24 32
43 20
8 35
6 36
46 16
8 11
30 19
47 22
77 32
78 38
65 7
8 12
56 30
31 3
4 36
65 39
69 14
59 39
22 14
16 38
19 30
32 33
22 28
48 2
52 24
65 33
71 34
24 11
38 32
24 28
40 17
78 9
62 11
63 21
7 27
58 25
75 34
46 14
18 25
23 14
78 12
10 32
57 8
19 4
51 14
73 23
3 32
6 15
59 15
63 38
65 19
21 33
34 6
22 16
22 38
7 37
36 33
24 32
4 13
49 6
17 22
16 17
21 14
45 19
67 4
54 30
65 13
6 29
54 33
31 33
9 36
68 31
11 15
6 17
20 30
22 21
21 14
71 5
22 18
7 15
28 38
72 10
55 17
70 5
40 33
17 25
29 25
3 15
27 28
6 29
66 7
39 18
19 2
18 39
45 27
36 21
12 2
49 8
20 27
7 9
3 5
47 31
23 13
10 26
35 39
78 34
70 31
5 9
55 6
24 29
77 4
24 26
46 10
40 7
3 12
59 8
17 38
69 25
53 2
73 34
28 29
76 25
56 30
47 23
16 28
40 7
24 21
46 17
58 15
61 38
5 17
74 33
31 32
45 35
17 5
GO
0000222200000