t 125
39 26 48 26
70 16 77 16
28 11 31 11
17 25 17 29
1 22 1 29
69 10 75 10
32 18 32 24
33 19 39 19
76 38 79 38
77 16 77 18
79 25 83 25
54 13 54 21
79 21 83 21
55 11 58 11
7 7 7 16
70 39 77 39
35 16 35 22
79 14 79 20
26 5 31 5
37 22 37 27
36 17 36 25
77 6 77 15
10 21 10 24
57 26 61 26
14 36 21 36
19 26 19 30
12 7 12 15
24 26 27 26
45 32 51 32
7 16 7 22
22 23 22 31
30 38 30 47
50 15 54 15
53 24 53 31
35 26 41 26
20 29 20 35
73 7 73 9
13 13 13 22
59 30 65 30
29 30 33 30
68 36 68 45
51 4 51 12
53 29 55 29
12 25 18 25
57 33 64 33
38 26 45 26
25 7 28 7
14 5 14 14
27 11 27 19
33 16 33 23
27 18 36 18
56 13 60 13
25 30 25 34
61 28 65 28
42 3 51 3
74 29 74 38
60 37 67 37
52 21 52 28
32 16 39 16
29 36 34 36
72 7 79 7
63 35 71 35
67 25 72 25
53 14 53 18
77 18 77 21
61 35 61 44
40 2 42 2
1 2 5 2
34 39 40 39
25 21 25 29
62 15 62 22
54 14 54 17
27 28 31 28
17 5 17 13
16 5 23 5
31 33 31 42
42 10 42 15
56 22 56 30
30 3 30 12
25 33 29 33
5 18 11 18
44 19 47 19
1 9 6 9
59 38 68 38
21 12 21 21
65 33 73 33
1 1 9 1
40 14 40 18
37 32 37 38
19 1 25 1
55 17 55 20
45 6 45 11
47 9 51 9
30 22 30 25
31 24 31 30
11 33 15 33
64 29 68 29
52 3 60 3
65 12 70 12
15 2 15 4
54 17 54 20
75 4 75 9
5 2 7 2
39 36 39 45
35 6 35 9
39 1 44 1
4 21 11 21
5 0 5 3
41 20 41 26
62 36 70 36
30 36 30 38
1 24 9 24
15 14 15 23
14 23 21 23
13 39 17 39
24 14 29 14
9 23 11 23
32 35 32 39
50 22 50 29
26 1 26 4
78 24 78 30
63 29 63 37
72 33 78 33
62 25 64 25
1 16 6 16
b 200
66 23
5 12
72 26
70 20
52 31
49 2
44 36
34 30
68 2
70 30
57 17
65 20
17 17
44 28
58 15
32 33
57 25
46 31
16 2
64 3
23 8
9 10
8 30
21 25
59 4
9 26
42 24
70 8
21 32
9 10
65 19
56 37
62 3
48 15
68 23
77 35
10 27
71 38
27 4
34 20
45 2
59 12
61 23
64 24
24 23
34 15
2 6
68 17
79 6
28 6
69 2
24 18
62 34
76 22
79 28
21 6
56 17
49 5
44 37
18 3
33 12
13 5
12 24
63 27
57 16
40 35
67 28
31 13
73 34
64 17
6 14
22 22
23 13
70 2
25 8
23 7
76 2
21 6
30 27
55 25
71 31
3 25
41 4
54 5
64 15
38 9
19 16
67 9
11 26
18 8
68 10
2 32
67 22
35 14
72 20
40 7
31 9
2 28
33 33
55 21
60 4
30 17
23 39
41 16
67 17
59 8
11 8
11 9
37 11
35 24
76 12
45 16
41 16
43 19
48 6
17 38
75 30
64 4
45 18
38 33
78 21
23 34
44 24
57 32
2 17
35 4
39 33
5 22
52 34
62 7
14 37
19 38
70 2
24 16
18 29
14 38
41 12
43 39
67 7
51 29
56 2
51 14
40 23
33 38
21 26
55 12
25 3
29 32
73 15
19 37
48 29
57 22
48 14
19 15
18 2
18 39
43 7
60 25
12 36
21 9
70 20
47 27
55 24
79 22
68 8
61 25
67 32
3 20
24 38
22 20
41 31
4 30
67 17
73 17
35 38
60 6
77 25
25 4
47 15
10 20
50 6
34 23
36 36
9 27
43 9
12 35
23 12
62 5
26 37
60 6
70 11
72 2
20 7
48 6
49 20
48 17
79 34
21 24
9 5
18 4
GO
00000033