t 125
31 35 31 42
57 9 57 16
59 3 66 3
68 23 75 23
44 33 48 33
63 32 63 41
4 29 12 29
27 29 27 34
30 22 30 28
16 8 22 8
57 1 65 1
63 6 63 8
15 7 22 7
12 1 12 5
67 30 67 32
12 29 12 32
69 31 69 38
49 20 49 28
50 17 56 17
36 19 44 19
40 3 48 3
3 18 11 18
41 15 46 15
53 11 60 11
41 6 50 6
59 1 63 1
28 2 28 8
24 9 24 13
43 5 43 13
45 11 49 11
28 7 28 14
58 30 62 30
45 6 48 6
78 35 85 35
49 31 49 39
79 25 88 25
30 0 34 0
0 20 0 28
23 16 23 19
12 39 12 43
14 21 19 21
36 14 38 14
34 27 34 33
74 35 74 38
23 6 23 8
13 11 13 13
59 25 59 33
30 15 30 19
56 20 58 20
77 8 77 11
34 16 42 16
54 9 54 13
48 4 53 4
2 2 7 2
28 23 28 27
73 37 77 37
11 39 18 39
42 22 42 29
76 8 76 16
24 29 30 29
60 28 67 28
67 23 72 23
20 24 26 24
77 29 77 32
73 34 73 37
75 21 75 23
47 32 47 36
43 29 49 29
7 17 15 17
15 6 15 10
28 7 28 11
58 17 58 26
66 37 72 37
30 14 30 20
17 21 17 23
79 30 79 33
45 23 45 27
13 19 17 19
44 19 44 23
9 1 9 10
63 30 71 30
47 39 56 39
46 23 53 23
21 17 23 17
16 22 22 22
52 8 60 8
1 17 6 17
63 13 63 16
69 11 69 19
45 14 47 14
23 39 28 39
45 34 49 34
47 36 50 36
76 9 81 9
67 10 67 19
26 28 30 28
30 26 30 35
78 14 87 14
5 7 9 7
4 37 4 39
7 30 13 30
17 37 17 44
26 22 33 22
18 26 18 35
60 39 60 46
20 1 28 1
58 10 58 12
19 21 19 30
41 37 41 42
3 13 6 13
6 37 12 37
22 5 29 5
66 13 73 13
0 26 3 26
31 39 39 39
60 3 65 3
71 18 71 27
38 13 46 13
39 29 39 36
56 14 56 16
19 1 19 4
12 16 12 19
21 7 30 7
75 21 75 27
61 8 61 14
b 200
5 4
22 9
66 33
26 27
13 6
14 23
61 17
2 9
23 21
56 2
14 31
78 32
37 2
76 10
33 15
56 37
2 37
21 29
66 19
57 27
76 17
30 39
8 8
19 19
19 11
26 16
18 37
31 14
35 26
8 19
62 29
19 31
11 5
71 31
4 23
46 2
28 15
3 31
29 14
47 12
52 34
43 16
27 10
62 20
10 4
8 8
66 6
32 4
68 33
42 8
33 30
4 36
32 32
71 5
29 13
26 19
64 20
21 33
78 25
67 5
65 5
21 20
35 21
34 6
64 19
42 35
60 29
17 9
35 30
65 7
6 8
21 2
56 36
25 38
53 9
42 39
65 26
71 32
75 38
56 23
6 36
33 2
4 15
53 25
66 29
26 37
42 32
23 35
60 33
7 31
50 28
38 32
78 24
19 31
46 18
18 25
12 26
15 15
72 24
41 14
66 23
42 39
20 14
66 10
74 32
69 20
35 39
56 12
57 29
9 22
74 2
34 2
38 10
33 37
29 6
29 32
4 20
41 17
25 37
35 17
77 13
58 14
41 12
25 11
33 29
32 30
66 29
21 38
11 15
26 2
2 34
53 36
25 14
28 32
59 5
43 2
77 35
41 11
70 39
64 33
12 34
9 32
30 13
27 4
77 5
72 19
59 22
76 25
25 18
34 8
53 15
27 9
61 24
36 4
16 26
36 13
60 7
28 20
53 22
52 30
39 11
72 17
59 38
57 21
54 37
49 18
22 26
5 14
36 10
10 4
8 9
40 22
78 5
2 33
14 38
16 26
9 24
32 20
17 33
66 6
31 33
11 20
10 21
14 23
33 2
15 34
76 6
68 2
3 21
4 36
47 20
78 39
66 7
51 2
11 10
6 5
62 10
39 39
67 38
44 26
GO
000000